School,Pace,ORtg,FTr,3PAr,TS%,TRB%,AST%,STL%,BLK%,eFG%,TOV%,ORB%,FT/FGA
Abilene Christian NCAA,72.0,105.2,.339,.367,.540,51.5,65.3,13.5,8.9,.512,16.2,31.3,.230
Air Force,63.9,91.9,.309,.450,.547,40.1,59.0,11.1,8.0,.521,21.2,15.3,.214
Akron,70.1,110.2,.303,.461,.555,51.7,48.6,6.9,8.9,.520,14.3,31.0,.230
Alabama A&M,70.1,88.9,.318,.329,.475,49.8,47.3,7.7,9.1,.448,18.6,28.1,.199
UAB,68.9,105.3,.314,.272,.524,51.7,39.1,11.6,12.1,.493,13.2,29.5,.219
Alabama State,72.4,88.8,.427,.347,.476,49.1,45.7,8.4,6.1,.435,19.3,29.5,.277
Alabama NCAA,74.7,106.3,.288,.465,.544,51.7,50.2,11.3,10.6,.517,15.9,31.8,.204
Albany (NY),69.7,99.6,.341,.343,.541,47.9,47.3,8.8,5.1,.505,16.4,22.3,.247
Alcorn State,71.3,92.8,.340,.340,.488,47.8,40.7,10.6,5.0,.444,17.7,29.7,.247
American,67.5,97.5,.268,.427,.550,48.2,51.6,10.3,11.4,.526,20.1,24.1,.189
Appalachian State NCAA,66.8,103.1,.340,.437,.520,50.8,49.9,11.6,10.4,.478,14.9,29.8,.252
Arizona State,72.6,101.4,.333,.354,.530,44.6,49.8,9.9,8.8,.492,13.5,21.1,.242
Arizona,68.4,109.2,.418,.314,.548,55.1,60.4,8.5,11.2,.505,14.7,34.0,.304
Little Rock,67.9,100.2,.369,.337,.542,52.3,55.5,9.3,9.6,.508,19.2,31.1,.259
Arkansas-Pine Bluff,69.5,88.2,.386,.295,.483,46.7,45.8,9.1,9.9,.432,19.7,26.7,.279
Arkansas State,69.3,104.1,.344,.289,.538,52.5,55.9,9.4,7.1,.502,16.2,31.9,.248
Arkansas NCAA,75.1,108.0,.327,.339,.544,52.6,49.8,10.4,13.0,.508,14.7,31.3,.242
Army,70.0,101.9,.283,.410,.541,49.5,53.8,8.9,4.2,.523,15.9,23.2,.180
Auburn,73.4,104.1,.362,.461,.546,52.0,56.3,8.4,14.8,.512,18.7,34.8,.256
Austin Peay,69.0,106.6,.286,.354,.546,52.1,48.7,9.7,5.9,.513,17.8,36.0,.215
Ball State,72.0,102.7,.287,.412,.547,49.4,51.9,7.5,6.2,.513,17.3,27.8,.215
Baylor NCAA,69.6,118.7,.265,.384,.586,53.2,55.3,12.7,10.3,.565,14.0,36.4,.188
Bellarmine,65.8,112.9,.285,.315,.594,50.8,55.6,11.1,8.3,.567,15.1,26.8,.216
Belmont,71.9,112.7,.282,.430,.588,50.4,61.2,10.7,7.5,.563,14.8,26.1,.208
Binghamton,66.2,96.9,.232,.454,.511,50.2,46.3,7.4,8.3,.489,17.8,29.1,.156
Boise State,70.2,107.4,.346,.389,.558,52.1,50.9,9.3,7.7,.522,14.7,26.8,.255
Boston College,71.8,98.7,.297,.461,.528,47.2,46.0,10.0,10.0,.498,16.8,25.0,.208
Boston University,67.9,102.2,.286,.380,.531,51.2,42.1,7.9,8.2,.496,16.1,28.8,.214
Bowling Green State,71.9,106.8,.278,.385,.514,49.4,45.3,9.8,5.9,.480,11.5,30.5,.204
Bradley,66.4,103.9,.240,.369,.534,52.3,51.9,7.7,11.3,.509,16.0,29.3,.174
Brigham Young NCAA,70.2,109.8,.275,.394,.580,54.7,56.2,6.5,7.2,.556,16.4,28.6,.200
Bryant,77.2,108.5,.344,.398,.577,50.8,52.7,8.9,8.6,.541,17.3,28.2,.262
Bucknell,73.1,102.5,.363,.391,.561,47.6,46.3,8.0,8.1,.520,16.0,19.8,.277
Buffalo,74.2,108.6,.293,.312,.537,55.1,51.8,10.6,9.6,.514,15.5,37.2,.197
Butler,65.1,96.1,.294,.398,.500,48.8,53.8,8.4,6.0,.475,15.3,26.0,.190
Cal Poly,68.5,89.3,.295,.373,.492,46.4,57.4,9.0,9.3,.454,18.2,22.1,.213
Cal State Bakersfield,65.7,105.6,.272,.270,.524,56.2,53.4,9.7,10.1,.494,16.4,39.3,.194
Cal State Fullerton,72.7,105.1,.343,.359,.557,47.6,50.7,9.1,5.0,.521,15.6,25.0,.253
Cal State Northridge,70.9,101.1,.308,.380,.523,47.0,52.3,8.9,6.1,.488,14.7,25.3,.224
California Baptist,71.1,110.6,.343,.410,.587,53.1,63.6,7.1,6.3,.556,16.7,29.0,.253
UC Davis,70.7,99.8,.369,.309,.540,48.9,43.4,10.4,8.0,.490,17.9,26.6,.289
UC Irvine,69.2,103.4,.293,.241,.530,55.4,43.8,10.8,11.6,.492,16.0,32.6,.223
UC Riverside,66.8,104.0,.220,.423,.546,52.5,53.8,7.8,6.2,.525,15.7,26.2,.155
UC San Diego,70.2,101.0,.213,.514,.567,43.8,65.8,9.7,5.4,.556,17.4,17.3,.136
UC Santa Barbara NCAA,67.2,112.0,.340,.340,.575,54.2,59.3,10.9,7.5,.541,14.2,29.5,.256
California,66.3,98.7,.346,.405,.530,49.4,52.3,6.6,6.2,.497,17.1,24.6,.242
Campbell,65.8,106.4,.339,.369,.586,46.2,55.4,9.2,6.7,.565,16.7,20.7,.230
Canisius,71.5,98.4,.316,.416,.506,48.6,51.4,7.8,8.7,.470,14.7,26.6,.224
Central Arkansas,74.0,95.8,.321,.337,.532,51.1,53.1,6.8,6.8,.498,20.8,28.9,.230
Central Connecticut State,72.0,95.2,.283,.376,.516,44.7,51.7,9.6,7.1,.485,17.6,23.4,.199
Central Florida,68.0,98.3,.307,.402,.535,48.9,52.6,10.0,9.8,.501,19.0,28.2,.223
Central Michigan,74.9,102.5,.369,.326,.530,48.3,39.0,10.9,7.6,.499,15.6,27.7,.248
Charleston Southern,70.2,92.7,.302,.428,.509,49.5,45.4,8.7,10.3,.474,20.4,28.2,.216
Charlotte,64.6,95.9,.384,.350,.532,49.4,51.7,8.2,8.6,.489,18.3,22.2,.281
Chattanooga,68.6,104.8,.282,.399,.547,49.3,47.8,9.9,4.9,.510,14.3,23.9,.221
Chicago State,71.2,77.8,.254,.408,.448,38.0,49.4,7.6,3.7,.413,20.1,16.6,.177
Cincinnati,71.3,96.6,.330,.391,.512,51.1,60.8,9.5,10.3,.484,17.8,29.1,.217
The Citadel,74.9,107.9,.316,.460,.560,50.3,54.9,7.3,10.2,.534,14.4,25.4,.222
Clemson NCAA,64.9,99.6,.232,.434,.530,49.9,56.8,9.3,9.2,.500,17.1,26.4,.178
Cleveland State NCAA,67.6,102.6,.325,.343,.532,49.4,52.9,10.1,7.8,.505,16.2,30.5,.218
Coastal Carolina,72.3,108.9,.332,.385,.556,56.4,55.2,11.2,11.9,.525,17.5,36.9,.238
Colgate NCAA,72.7,116.3,.309,.365,.591,53.2,57.0,9.6,8.5,.566,13.0,27.6,.224
College of Charleston,64.7,106.3,.292,.396,.552,49.4,41.8,7.9,8.4,.525,14.0,24.7,.207
Colorado State,69.5,106.5,.335,.434,.582,50.6,57.1,8.4,8.1,.542,17.5,24.1,.265
Colorado NCAA,66.5,110.0,.295,.364,.565,53.2,52.7,7.8,7.8,.524,15.0,30.6,.241
Connecticut NCAA,66.2,107.8,.290,.334,.522,53.6,49.3,9.3,14.6,.490,14.5,37.0,.210
Coppin State,79.3,91.8,.438,.494,.515,43.7,54.1,10.8,8.0,.486,18.3,18.5,.273
Creighton NCAA,69.6,108.3,.257,.436,.564,49.4,55.2,9.9,9.0,.550,14.0,24.3,.164
Davidson,63.6,112.3,.260,.489,.579,53.5,57.9,8.0,8.2,.561,14.7,28.2,.179
Dayton,66.2,102.7,.337,.416,.582,49.9,54.9,6.6,5.3,.555,19.4,23.0,.241
Delaware State,77.1,91.2,.302,.416,.497,46.5,46.2,8.3,9.4,.460,19.2,26.9,.217
Delaware,67.8,99.6,.375,.405,.542,51.6,54.2,6.8,9.6,.505,18.7,26.9,.267
Denver,71.3,96.7,.340,.343,.539,46.8,48.2,7.9,7.5,.503,18.6,22.1,.245
DePaul,70.6,91.9,.237,.283,.487,50.1,45.1,9.6,11.0,.461,18.9,31.8,.160
Detroit Mercy,68.2,111.5,.253,.446,.582,49.1,52.7,9.9,7.2,.551,14.9,26.9,.203
Dixie State,74.0,94.0,.348,.341,.511,47.0,62.5,9.2,5.3,.471,18.3,25.3,.249
Drake NCAA,66.8,112.8,.239,.316,.563,53.7,46.6,10.3,8.4,.542,13.3,31.1,.170
Drexel NCAA,66.0,106.5,.273,.355,.566,53.2,58.0,6.9,6.4,.533,17.1,28.4,.213
Duke,69.1,108.8,.234,.386,.555,51.3,56.4,11.8,11.8,.536,15.7,32.0,.162
Duquesne,68.4,98.0,.316,.370,.504,50.2,55.0,9.8,13.0,.476,16.7,31.0,.206
East Carolina,68.9,96.3,.331,.328,.501,49.0,67.5,8.9,9.9,.460,15.9,27.2,.239
East Tennessee State,67.6,102.2,.299,.406,.537,52.2,47.6,10.8,8.4,.509,17.3,29.7,.208
Eastern Illinois,70.2,97.6,.257,.354,.515,48.9,50.9,10.0,8.8,.493,17.4,28.7,.169
Eastern Kentucky,76.2,105.6,.255,.400,.544,47.5,52.9,13.3,9.2,.519,14.6,26.7,.180
Eastern Michigan,71.4,98.6,.303,.382,.514,46.7,44.2,12.4,7.1,.475,15.2,25.1,.226
Eastern Washington NCAA,71.8,109.0,.302,.403,.576,50.7,54.7,6.7,7.4,.540,14.5,23.0,.239
Elon,66.8,98.4,.246,.438,.516,50.7,45.9,8.5,6.7,.486,15.3,25.0,.182
Evansville,62.4,102.3,.254,.490,.556,45.6,51.0,7.7,6.3,.532,15.8,19.0,.182
Fairfield,65.2,93.8,.341,.355,.493,50.6,46.7,7.0,6.1,.454,17.1,28.1,.237
Fairleigh Dickinson,71.9,103.2,.311,.361,.548,47.8,44.5,10.4,10.4,.518,17.1,28.7,.221
Florida A&M,70.9,92.7,.298,.269,.511,49.9,53.0,9.2,6.8,.486,20.8,30.2,.194
Florida Atlantic,70.7,109.9,.289,.417,.560,55.4,51.4,10.7,7.7,.542,16.6,34.0,.191
Florida Gulf Coast,72.5,99.0,.241,.443,.515,50.9,50.9,10.3,11.2,.494,17.4,29.9,.160
Florida International,72.8,99.7,.244,.509,.535,46.0,56.5,11.4,10.0,.515,17.5,26.2,.163
Florida State NCAA,70.0,109.1,.324,.349,.572,52.6,52.4,10.3,14.3,.540,17.6,33.7,.240
Florida NCAA,70.6,104.6,.339,.338,.567,51.5,44.2,10.2,14.1,.531,18.7,30.6,.255
Fordham,64.2,80.6,.275,.411,.448,43.5,59.5,9.7,7.0,.414,18.8,19.2,.184
Fresno State,66.9,98.6,.376,.387,.524,52.4,45.1,9.8,8.7,.492,18.5,31.0,.251
Furman,70.9,111.8,.266,.472,.589,51.6,57.0,11.5,9.5,.568,15.6,27.2,.192
Gardner-Webb,67.0,105.5,.300,.439,.549,49.5,52.1,8.8,14.7,.524,15.4,26.7,.207
George Mason,69.2,100.2,.293,.362,.511,51.9,49.7,10.2,11.6,.488,15.5,30.2,.188
George Washington,68.9,98.1,.361,.339,.533,49.3,47.2,9.1,7.0,.498,17.6,24.5,.252
Georgetown NCAA,70.4,101.0,.308,.389,.532,53.3,51.7,8.3,10.4,.494,18.5,31.9,.232
Georgia Southern,68.4,101.7,.301,.396,.530,51.9,47.2,11.5,11.3,.510,17.6,32.5,.191
Georgia State,71.2,110.4,.307,.359,.556,50.4,56.9,9.8,12.2,.532,13.8,31.3,.210
Georgia Tech NCAA,67.9,107.8,.284,.364,.567,46.9,57.1,13.1,9.6,.540,14.4,24.3,.206
Georgia,75.7,101.8,.345,.318,.540,50.8,53.0,11.1,6.3,.509,18.8,33.1,.238
Gonzaga NCAA,74.6,121.5,.358,.332,.633,55.0,55.7,10.6,6.9,.610,14.3,29.2,.261
Grambling,72.1,93.0,.421,.287,.513,48.5,60.0,11.2,8.4,.476,19.1,25.4,.280
Grand Canyon NCAA,68.2,110.7,.314,.358,.570,56.8,57.7,7.1,9.1,.547,16.2,32.4,.215
Green Bay,67.7,102.7,.273,.339,.526,47.6,53.7,7.9,9.3,.492,13.6,25.7,.204
Hampton,70.1,98.2,.286,.388,.527,45.9,47.2,8.7,16.1,.495,16.3,22.1,.207
Hartford NCAA,67.0,97.6,.286,.425,.530,48.7,47.0,10.3,6.6,.499,17.5,24.3,.205
Hawaii,68.4,102.8,.311,.377,.542,52.7,46.1,8.1,3.8,.510,17.3,30.3,.224
High Point,67.4,98.3,.383,.292,.499,51.0,51.8,9.6,12.6,.458,15.9,32.0,.263
Hofstra,68.9,105.6,.330,.393,.542,50.0,49.2,9.5,7.9,.508,15.2,29.3,.236
Holy Cross,69.9,100.2,.261,.330,.528,47.1,45.6,9.8,10.1,.503,16.1,26.5,.182
Houston Baptist,74.2,95.2,.279,.396,.528,47.1,55.7,9.4,9.5,.496,19.9,25.4,.205
Houston NCAA,66.1,115.1,.303,.420,.542,56.2,52.2,12.1,14.7,.510,13.2,39.4,.222
Howard,73.1,99.2,.389,.435,.541,47.2,60.2,7.1,12.8,.502,17.7,22.9,.279
Idaho State,66.2,101.9,.393,.396,.547,54.7,48.8,6.7,9.3,.509,19.3,32.3,.280
Idaho,67.4,89.5,.296,.316,.520,46.6,54.4,7.3,5.5,.485,21.8,22.0,.214
Illinois-Chicago,69.6,96.1,.228,.418,.516,48.4,53.2,5.2,7.0,.497,16.8,23.4,.150
Illinois State,70.7,100.3,.252,.383,.544,49.5,50.8,8.4,9.3,.526,17.3,23.8,.167
Illinois NCAA,71.2,111.7,.379,.299,.582,56.8,55.7,7.9,6.9,.556,15.8,32.0,.262
Incarnate Word,68.2,99.1,.337,.381,.547,47.1,51.3,7.8,4.8,.516,18.4,24.0,.237
Indiana State,66.8,99.6,.359,.333,.530,48.9,46.0,9.8,8.7,.489,16.2,25.0,.264
Indiana,67.1,100.6,.415,.323,.521,49.0,57.5,8.3,10.5,.485,15.1,25.3,.275
Iona NCAA,69.9,102.0,.345,.377,.546,53.5,54.9,9.8,12.5,.507,19.3,32.2,.256
Iowa State,70.5,93.0,.196,.386,.510,45.4,47.0,9.2,8.1,.480,18.8,24.3,.154
Iowa NCAA,71.0,117.5,.320,.398,.574,51.8,64.4,7.8,11.6,.547,11.5,30.5,.228
Purdue-Fort Wayne,69.4,104.2,.302,.405,.600,49.3,52.0,9.4,7.5,.582,21.4,26.2,.208
IUPUI,72.7,97.9,.305,.389,.523,48.6,52.9,9.5,5.9,.490,17.0,25.4,.219
Jackson State,70.5,91.8,.421,.293,.491,51.2,47.9,11.4,8.4,.446,18.7,28.9,.286
Jacksonville State,68.0,107.7,.316,.393,.556,53.4,53.0,7.3,9.8,.531,16.6,32.3,.217
Jacksonville,69.5,96.7,.340,.398,.529,48.0,46.6,9.8,7.4,.502,18.3,24.8,.226
James Madison,72.4,107.9,.386,.405,.549,50.2,50.8,10.3,6.6,.521,14.6,29.4,.258
Kansas State,66.5,92.8,.289,.409,.500,49.9,58.1,8.3,4.7,.472,19.4,29.7,.192
Kansas NCAA,69.7,104.3,.298,.367,.531,52.0,52.6,9.9,10.9,.499,14.8,30.5,.213
Kennesaw State,69.7,93.9,.296,.387,.507,50.0,45.5,8.2,6.7,.481,18.0,25.5,.195
Kent State,70.9,107.6,.277,.396,.544,53.7,52.0,9.5,9.0,.508,16.1,34.8,.216
Kentucky,70.0,99.7,.345,.323,.513,51.2,50.9,8.9,14.9,.471,16.9,32.6,.251
La Salle,69.7,97.2,.242,.394,.525,48.5,50.2,10.6,9.4,.503,18.2,26.8,.166
Lafayette,70.2,107.1,.303,.386,.549,47.3,60.0,8.6,7.9,.506,13.3,23.7,.244
Lamar,69.8,93.5,.308,.277,.500,48.4,49.6,10.1,11.1,.460,17.7,26.4,.226
Lehigh,71.3,95.0,.279,.256,.502,49.4,49.2,8.3,5.6,.471,16.1,24.9,.195
Liberty NCAA,64.9,114.6,.237,.474,.604,52.9,58.6,7.2,7.1,.580,13.9,23.4,.184
Lipscomb,68.4,103.7,.337,.381,.555,49.6,53.0,9.0,5.8,.527,15.8,23.6,.233
Long Beach State,74.2,96.7,.377,.338,.538,47.0,45.1,8.2,7.2,.506,18.9,23.1,.257
Long Island University,74.5,99.3,.312,.404,.502,51.1,61.2,11.3,9.7,.473,16.3,32.9,.208
Longwood,66.3,99.8,.315,.380,.529,49.7,45.1,9.2,6.1,.499,17.3,27.6,.217
Louisiana,72.1,102.2,.288,.331,.529,53.5,46.6,7.7,11.0,.501,17.5,33.6,.201
Louisiana-Monroe,67.7,94.5,.251,.390,.510,44.9,58.3,10.9,8.1,.482,17.1,22.7,.176
Louisiana State NCAA,72.6,112.1,.340,.370,.560,50.4,42.0,10.6,8.2,.523,13.5,31.2,.255
Louisiana Tech,70.6,103.5,.342,.373,.538,52.2,50.2,9.6,8.1,.509,15.9,28.0,.233
Louisville,66.0,102.3,.321,.303,.514,53.3,44.7,7.2,5.5,.478,14.8,32.0,.230
Loyola (IL) NCAA,63.8,110.5,.322,.375,.592,54.2,60.9,10.8,7.0,.567,16.4,25.9,.231
Loyola Marymount,67.8,101.9,.413,.349,.557,56.3,53.3,6.9,7.7,.517,20.4,32.0,.300
Loyola (MD),68.4,100.9,.354,.303,.529,52.7,47.9,9.5,8.7,.511,17.5,31.3,.214
Maine,65.4,81.2,.272,.449,.468,46.8,62.8,8.7,13.5,.451,22.4,23.3,.155
Manhattan,67.6,91.0,.355,.373,.466,49.5,54.0,11.1,10.6,.426,17.5,31.9,.236
Marist,66.7,93.9,.315,.412,.520,50.3,48.2,8.0,12.4,.491,19.1,23.0,.216
Marquette,68.4,101.6,.350,.374,.544,51.7,50.4,7.4,9.9,.506,18.3,29.1,.257
Marshall,73.1,108.7,.242,.410,.571,48.7,53.2,10.6,13.2,.548,14.6,23.8,.175
Maryland-Baltimore County,68.7,101.2,.366,.371,.539,51.8,45.3,7.4,5.1,.503,16.7,25.8,.260
Maryland NCAA,65.9,104.5,.329,.433,.564,49.1,55.1,7.6,10.0,.538,15.3,20.2,.230
Massachusetts-Lowell,69.3,98.9,.372,.349,.540,51.1,47.7,7.2,10.7,.512,18.6,26.9,.246
Massachusetts,72.3,103.5,.342,.440,.538,48.2,56.9,9.9,9.9,.500,14.5,24.3,.251
McNeese State,73.3,109.5,.286,.361,.583,53.6,61.7,9.8,5.4,.563,17.8,31.4,.197
Memphis,72.0,100.5,.327,.361,.528,55.0,60.7,12.3,14.4,.509,18.5,33.5,.202
Mercer,70.1,107.6,.249,.387,.572,52.0,57.6,9.7,7.9,.551,16.1,26.2,.179
Merrimack,68.0,96.8,.310,.412,.538,45.3,49.8,11.7,10.1,.514,18.1,20.8,.206
Miami (FL),68.0,97.2,.328,.333,.509,50.2,47.1,9.7,10.9,.474,16.2,27.1,.230
Miami (OH),67.4,106.7,.254,.394,.542,49.7,46.5,6.5,7.5,.509,13.9,27.9,.197
Michigan State NCAA,68.9,100.3,.313,.339,.518,52.2,63.7,6.4,12.3,.481,16.2,30.5,.228
Michigan NCAA,67.8,111.3,.304,.339,.581,54.7,57.5,6.3,10.1,.547,14.7,28.9,.233
Middle Tennessee,69.9,88.7,.258,.399,.480,48.2,44.8,10.2,6.1,.451,18.9,25.8,.176
Milwaukee,71.1,103.9,.332,.359,.533,48.1,48.5,8.4,6.0,.495,13.5,24.1,.243
Minnesota,70.7,101.2,.367,.407,.499,48.0,56.7,8.8,11.4,.450,13.3,29.2,.272
Mississippi State,67.2,101.6,.337,.280,.528,55.0,50.5,9.2,12.9,.502,18.7,35.8,.222
Mississippi Valley State,73.9,76.9,.246,.483,.453,40.8,55.0,6.2,7.0,.436,22.2,18.0,.141
Mississippi,67.3,101.7,.342,.306,.522,53.4,48.9,11.1,11.6,.487,17.5,34.7,.240
Kansas City,66.5,105.5,.293,.315,.572,50.3,55.3,11.9,7.1,.555,16.9,24.3,.193
Missouri State,68.7,106.9,.312,.387,.576,53.6,51.0,6.8,7.5,.546,16.6,24.8,.231
Missouri NCAA,70.4,103.4,.371,.379,.542,50.3,51.6,9.4,9.0,.508,16.4,28.3,.260
Monmouth,74.5,100.3,.382,.346,.525,48.6,54.1,10.9,9.8,.485,15.6,25.7,.270
Montana State,70.0,104.1,.397,.332,.552,50.7,43.3,7.9,6.6,.506,15.7,26.0,.300
Montana,68.0,102.7,.366,.281,.557,50.2,51.1,7.1,7.0,.511,17.3,24.3,.286
Morehead State NCAA,67.1,101.6,.354,.351,.553,54.8,51.9,6.5,14.6,.525,19.8,31.7,.240
Morgan State,75.9,105.1,.359,.382,.540,52.4,54.2,10.4,11.0,.499,17.5,34.8,.266
Mount St. Mary's NCAA,63.8,98.0,.298,.367,.513,53.7,50.5,6.6,11.2,.486,17.3,30.8,.200
Murray State,69.4,109.6,.254,.378,.582,53.0,57.5,9.7,10.4,.567,16.9,28.3,.171
Navy,67.2,104.9,.330,.326,.534,52.6,47.6,12.0,7.4,.500,15.6,32.3,.234
Omaha,72.2,93.3,.292,.266,.495,47.5,37.8,7.8,7.8,.463,16.1,23.0,.201
Nebraska,73.0,95.5,.311,.426,.513,47.7,55.0,9.8,9.6,.489,17.1,23.5,.199
Nevada-Las Vegas,66.8,103.9,.212,.403,.537,52.7,50.4,9.5,9.1,.516,16.2,29.8,.150
Nevada,70.1,105.1,.388,.392,.560,50.8,57.9,8.0,9.5,.517,16.2,24.2,.293
New Hampshire,67.7,98.7,.319,.360,.494,51.5,47.1,8.0,8.4,.460,13.9,28.0,.218
New Mexico State,66.5,106.9,.312,.478,.536,54.2,50.6,7.5,7.2,.501,15.5,34.1,.228
New Mexico,69.2,93.2,.327,.293,.477,52.1,51.5,8.2,12.0,.453,17.9,34.3,.196
New Orleans,74.4,101.1,.327,.283,.557,49.8,55.6,10.1,6.9,.523,19.8,29.2,.241
Niagara,65.6,98.5,.346,.372,.505,46.6,52.7,8.9,6.2,.466,13.5,23.3,.245
Nicholls State,74.4,104.4,.277,.376,.538,50.2,45.8,12.1,8.6,.516,15.2,28.5,.185
NJIT,68.1,95.8,.342,.358,.497,45.7,41.1,9.7,6.2,.459,14.4,24.0,.236
Norfolk State NCAA,72.0,101.7,.370,.357,.530,49.6,47.9,9.0,10.3,.492,15.6,27.3,.261
North Alabama,71.3,101.6,.291,.391,.529,52.7,43.6,8.2,9.7,.494,16.7,29.3,.217
UNC Asheville,69.9,103.1,.302,.391,.557,47.2,46.4,9.8,10.6,.546,18.6,26.8,.183
North Carolina A&T,74.3,96.6,.368,.337,.507,46.4,53.2,11.7,7.2,.475,16.4,27.8,.242
North Carolina Central,69.7,95.7,.330,.354,.515,46.7,50.8,10.4,7.9,.481,18.3,25.9,.229
UNC Greensboro NCAA,70.5,103.1,.237,.390,.503,51.8,45.0,10.6,11.9,.479,13.1,31.4,.162
NC State,68.2,106.2,.311,.326,.556,49.2,48.9,11.8,11.5,.529,16.4,29.8,.218
UNC Wilmington,70.7,107.2,.368,.367,.546,47.5,46.6,8.5,8.6,.500,13.8,27.0,.282
North Carolina NCAA,71.8,104.8,.342,.279,.514,56.8,55.3,9.8,12.8,.483,16.6,40.6,.228
North Dakota State,66.6,104.3,.336,.362,.545,54.9,43.2,5.8,7.1,.504,16.4,28.7,.256
North Dakota,69.0,98.2,.346,.388,.528,47.7,49.1,7.4,5.3,.494,16.7,23.4,.241
North Florida,68.6,101.5,.254,.488,.557,46.9,52.1,6.5,7.7,.534,19.3,26.7,.181
North Texas NCAA,65.2,106.1,.271,.377,.571,51.8,52.0,9.9,8.4,.544,17.4,28.1,.202
Northeastern,68.4,97.6,.260,.439,.544,48.0,51.2,9.1,5.8,.515,18.0,20.2,.193
Northern Arizona,65.3,96.2,.304,.332,.507,45.7,47.1,8.3,5.2,.480,15.9,23.8,.201
Northern Colorado,69.4,101.0,.312,.432,.553,52.2,44.1,6.2,6.1,.531,18.1,24.5,.208
Northern Illinois,67.4,91.9,.239,.281,.465,49.3,44.7,8.5,10.1,.444,17.0,32.6,.147
Northern Iowa,68.9,99.9,.259,.392,.530,51.6,50.9,9.3,7.7,.507,16.6,25.8,.177
Northern Kentucky,66.2,106.1,.278,.395,.534,50.8,44.8,9.6,4.6,.506,15.7,34.9,.196
Northwestern State,73.4,98.0,.296,.337,.516,47.3,48.8,9.4,7.3,.489,17.0,26.8,.199
Northwestern,69.3,100.3,.271,.404,.533,48.4,58.0,8.8,8.0,.505,15.2,21.7,.194
Notre Dame,67.4,107.9,.259,.434,.569,47.7,57.0,6.3,9.6,.539,14.2,22.0,.200
Oakland,70.6,102.4,.332,.419,.522,47.5,57.4,11.3,5.0,.487,15.4,30.0,.235
Ohio State NCAA,67.6,112.7,.372,.392,.569,52.2,49.6,6.6,9.6,.529,13.5,29.2,.281
Ohio NCAA,71.6,110.6,.295,.390,.572,51.2,60.0,9.0,5.9,.548,14.8,28.2,.207
Oklahoma State NCAA,73.0,102.7,.376,.322,.547,51.5,47.2,10.0,11.3,.512,18.2,31.1,.267
Oklahoma NCAA,69.2,106.2,.293,.382,.542,49.7,49.7,10.2,9.8,.508,13.7,26.7,.218
Old Dominion,68.2,99.7,.316,.300,.522,51.5,47.4,10.9,11.5,.491,16.2,28.1,.219
Oral Roberts NCAA,73.6,109.7,.275,.471,.576,46.8,45.6,8.9,8.9,.539,13.9,22.9,.225
Oregon State NCAA,66.2,105.7,.349,.350,.541,50.5,59.8,8.7,10.5,.498,15.1,29.9,.265
Oregon NCAA,65.8,109.9,.260,.376,.565,50.8,49.9,10.9,10.7,.542,14.7,28.8,.185
Pacific,69.1,99.0,.276,.285,.508,51.7,48.6,9.1,10.3,.481,14.8,28.9,.188
Penn State,69.7,103.2,.278,.419,.513,51.8,52.6,11.3,6.9,.479,13.9,31.9,.206
Pepperdine,72.2,104.5,.318,.356,.561,50.0,59.1,8.8,8.6,.521,16.1,24.0,.249
Pittsburgh,68.5,103.8,.369,.332,.519,53.6,57.9,8.8,11.2,.488,15.5,34.5,.245
Portland State,70.6,96.8,.327,.387,.490,52.2,46.4,11.7,8.7,.455,16.5,32.4,.222
Portland,73.0,94.6,.359,.380,.525,42.4,51.2,8.6,7.9,.476,17.4,18.7,.278
Prairie View,70.7,100.9,.270,.361,.524,49.4,58.7,13.6,12.2,.503,16.8,30.9,.177
Presbyterian,66.8,95.5,.347,.349,.505,51.2,47.1,10.4,6.9,.470,19.3,32.3,.238
Providence,67.2,102.0,.316,.336,.516,49.5,53.3,8.3,7.7,.483,14.8,29.1,.221
Purdue NCAA,66.5,105.8,.317,.378,.542,54.5,55.9,7.6,11.4,.510,16.0,32.6,.226
Quinnipiac,72.0,92.2,.354,.415,.505,47.6,55.2,7.6,11.2,.469,17.6,21.2,.243
Radford,64.7,102.6,.396,.358,.546,55.9,46.7,9.2,5.3,.513,19.4,34.5,.270
Rhode Island,70.3,99.6,.389,.319,.525,52.3,47.7,9.1,12.2,.492,17.2,29.7,.260
Rice,72.5,101.9,.264,.482,.554,51.3,58.4,7.5,5.2,.527,18.5,26.9,.193
Richmond,69.6,107.2,.308,.366,.567,46.2,52.4,12.7,6.0,.538,13.7,20.6,.224
Rider,68.6,97.9,.290,.312,.518,49.4,50.4,7.4,6.0,.483,16.3,26.2,.212
Robert Morris,68.5,101.6,.256,.337,.524,47.5,57.7,9.2,8.1,.504,16.2,29.5,.168
Rutgers NCAA,68.3,101.0,.271,.334,.520,49.2,51.8,11.1,13.9,.501,14.7,27.3,.173
Sacramento State,66.2,107.0,.315,.313,.542,48.9,48.0,10.2,6.4,.516,13.2,27.3,.214
Sacred Heart,68.0,101.3,.336,.415,.522,48.9,55.9,7.0,5.1,.480,16.1,29.5,.249
Saint Francis (PA),69.7,97.6,.336,.329,.516,49.8,52.1,8.2,5.9,.478,17.5,28.8,.240
Saint Joseph's,73.0,95.8,.267,.492,.517,44.9,56.7,8.0,4.5,.486,16.8,21.5,.194
Saint Louis,68.7,109.2,.298,.310,.544,56.4,63.0,10.7,10.0,.516,15.0,35.6,.210
Saint Mary's (CA),65.9,97.5,.276,.378,.512,52.1,45.7,9.2,7.8,.478,15.2,25.7,.203
Saint Peter's,68.0,92.9,.327,.344,.493,51.3,52.6,11.8,16.0,.456,18.8,30.4,.228
Sam Houston State,74.7,106.5,.312,.407,.552,49.7,54.6,11.3,8.7,.526,16.6,30.5,.216
Samford,75.0,100.4,.272,.397,.531,52.4,52.3,8.9,8.1,.506,18.3,30.4,.186
San Diego State NCAA,66.9,109.6,.335,.408,.557,52.8,54.2,12.2,9.9,.526,14.4,29.0,.241
San Diego,72.2,90.9,.256,.319,.488,46.2,52.6,9.2,8.5,.464,16.3,20.9,.166
San Francisco,69.5,102.8,.214,.503,.535,48.6,46.1,10.3,8.6,.513,14.9,24.9,.154
San Jose State,72.4,90.9,.290,.393,.483,43.4,43.2,6.5,6.7,.455,15.6,20.6,.189
Santa Clara,72.1,96.6,.406,.320,.521,50.2,49.4,6.1,10.1,.483,16.3,23.2,.277
Seattle,70.5,102.8,.292,.416,.516,47.2,44.5,9.3,9.9,.481,13.2,27.2,.214
Seton Hall,67.8,103.7,.357,.368,.539,50.1,51.6,9.2,11.4,.500,16.4,29.7,.261
Siena,66.2,102.1,.372,.351,.546,51.7,52.3,8.4,8.4,.520,17.2,28.0,.245
South Alabama,68.4,106.9,.334,.436,.552,48.4,43.9,10.3,11.0,.520,15.1,27.2,.240
South Carolina State,72.5,84.4,.276,.376,.472,44.6,44.4,8.1,7.6,.448,21.1,25.8,.171
South Carolina Upstate,68.9,95.6,.293,.400,.524,46.5,51.3,9.0,7.1,.491,18.4,23.7,.211
South Carolina,75.4,96.1,.279,.342,.493,48.7,49.5,11.1,10.0,.467,16.8,31.7,.183
South Dakota State,71.9,111.9,.377,.348,.597,53.5,49.9,7.7,8.5,.568,15.4,24.4,.270
South Dakota,70.2,108.1,.325,.332,.572,50.5,51.8,6.5,6.9,.533,13.9,22.1,.254
South Florida,68.3,95.9,.343,.330,.488,52.8,48.6,7.7,8.6,.458,17.2,33.2,.218
Southeast Missouri State,68.9,97.5,.405,.396,.532,51.6,59.4,9.7,6.7,.499,19.2,27.6,.272
Southeastern Louisiana,71.6,94.1,.410,.405,.496,48.5,44.2,9.5,7.3,.454,18.8,31.2,.278
Southern California NCAA,67.7,109.0,.363,.310,.551,54.4,50.7,6.9,12.9,.528,15.4,34.4,.235
SIU Edwardsville,69.8,94.2,.330,.349,.527,48.4,54.4,8.4,13.1,.497,20.3,26.5,.225
Southern Illinois,65.8,98.7,.294,.411,.549,46.5,57.3,9.3,5.6,.528,16.7,17.0,.195
Southern Methodist,70.8,105.5,.312,.371,.553,51.2,57.0,8.6,12.9,.522,17.2,30.1,.227
Southern Mississippi,68.5,93.3,.281,.302,.507,50.8,50.2,8.6,6.7,.480,18.2,24.4,.190
Southern Utah,73.1,114.6,.374,.419,.582,55.5,48.4,9.5,7.2,.545,14.3,31.7,.279
Southern,72.9,94.0,.405,.299,.517,51.5,57.4,11.0,6.6,.480,19.4,27.9,.272
St. Bonaventure NCAA,65.3,107.3,.280,.319,.530,52.3,56.5,9.0,12.5,.498,14.0,32.7,.207
St. Francis (NY),73.6,104.9,.307,.293,.530,49.4,50.0,10.9,8.9,.495,14.1,30.2,.226
St. John's (NY),74.1,105.1,.286,.333,.538,48.7,56.5,12.1,10.2,.504,14.6,29.1,.214
Stanford,69.7,98.3,.365,.309,.549,50.0,49.0,10.0,9.5,.514,19.0,25.1,.261
Stephen F. Austin,72.7,109.1,.421,.249,.588,55.4,53.2,12.9,10.0,.562,19.5,36.8,.286
Stetson,68.4,103.2,.276,.420,.536,51.0,53.9,10.1,7.6,.510,16.6,29.4,.192
Stony Brook,67.7,96.6,.329,.359,.499,51.7,51.2,8.2,14.5,.465,17.3,30.8,.225
Syracuse NCAA,69.3,107.5,.283,.403,.549,48.3,56.4,11.7,14.7,.512,14.3,28.8,.221
Tarleton State,69.2,106.1,.365,.258,.554,48.7,55.5,15.1,10.0,.518,14.8,26.0,.263
Temple,68.3,96.3,.389,.387,.512,49.5,61.5,6.1,6.7,.467,17.2,25.9,.279
Tennessee-Martin,68.7,94.2,.294,.355,.495,46.7,52.0,10.3,8.0,.458,17.8,29.2,.211
Tennessee State,72.5,93.4,.326,.358,.507,46.9,47.2,10.1,8.9,.475,18.5,25.5,.223
Tennessee Tech,70.2,94.4,.270,.427,.525,49.4,58.2,9.2,6.2,.501,20.1,26.6,.183
Tennessee NCAA,68.7,104.6,.344,.346,.537,51.4,58.8,10.6,14.1,.496,15.7,31.3,.257
Texas A&M-Corpus Christi,71.3,90.9,.356,.357,.513,48.3,56.8,9.6,8.1,.477,20.9,24.6,.245
Texas A&M,66.1,97.2,.340,.405,.516,50.9,54.4,10.4,6.7,.476,19.2,32.8,.246
UT Arlington,71.6,102.4,.268,.397,.512,48.9,52.6,11.5,12.3,.479,14.3,29.3,.197
TCU,67.6,98.4,.324,.363,.527,50.2,54.1,8.9,9.0,.499,18.3,28.9,.218
UTEP,69.6,101.1,.291,.366,.521,49.4,46.9,8.9,7.5,.484,13.9,24.2,.217
Texas-Rio Grande Valley,74.5,97.2,.402,.369,.496,49.5,60.7,11.9,11.2,.463,16.9,32.4,.256
UTSA,73.4,107.4,.234,.364,.537,51.3,49.9,8.4,8.8,.508,13.7,29.9,.178
Texas Southern NCAA,73.9,99.5,.379,.271,.521,53.4,45.2,9.4,12.1,.482,17.8,31.9,.265
Texas State,64.7,101.1,.273,.269,.540,52.5,53.9,10.5,9.6,.513,17.8,29.8,.193
Texas Tech NCAA,67.1,107.1,.379,.313,.533,51.2,51.4,10.5,12.2,.494,13.7,32.8,.269
Texas NCAA,69.5,105.5,.339,.421,.559,52.7,50.9,9.2,10.4,.529,18.0,30.9,.240
Toledo,70.2,114.1,.285,.451,.573,50.2,56.3,8.6,6.5,.540,13.5,29.7,.222
Towson,66.8,99.5,.334,.295,.497,51.5,39.2,7.4,7.9,.454,15.5,34.1,.243
Troy,70.2,92.7,.348,.388,.492,51.2,50.3,8.9,8.7,.452,18.3,28.8,.242
Tulane,67.8,94.3,.366,.400,.493,45.8,55.3,11.0,9.7,.442,14.8,22.9,.273
Tulsa,68.0,100.5,.330,.399,.539,49.2,57.8,9.3,6.3,.511,17.4,26.9,.223
UCLA NCAA,65.4,108.4,.316,.316,.551,52.6,51.1,7.3,7.9,.520,13.6,29.2,.226
Utah State NCAA,69.5,104.5,.299,.322,.532,57.3,60.7,9.6,14.9,.500,16.9,35.4,.216
Utah Valley,72.0,102.5,.422,.269,.546,54.5,62.5,7.2,11.6,.522,18.0,31.5,.266
Utah,67.6,105.6,.288,.346,.567,47.9,57.6,8.0,9.2,.531,16.5,23.6,.228
Valparaiso,68.3,94.4,.272,.403,.512,47.1,53.9,9.5,9.4,.479,16.3,20.1,.198
Vanderbilt,69.6,103.0,.329,.471,.548,49.3,52.2,10.1,7.3,.512,17.4,28.1,.242
Vermont,66.4,108.1,.330,.407,.572,52.9,55.1,7.4,8.0,.533,16.0,26.6,.257
Villanova NCAA,65.7,113.3,.300,.448,.566,50.9,57.1,7.7,5.7,.532,12.1,27.5,.229
Virginia Commonwealth NCAA,67.9,101.2,.340,.349,.550,49.6,52.7,13.0,14.8,.509,18.3,28.0,.259
VMI,72.3,109.5,.272,.469,.584,51.3,55.7,7.3,8.0,.554,15.5,23.4,.210
Virginia Tech NCAA,66.4,106.7,.334,.410,.552,51.8,56.1,7.1,11.5,.523,15.1,27.8,.233
Virginia NCAA,60.8,111.5,.217,.427,.583,51.7,54.8,8.0,13.4,.554,13.5,22.6,.177
Wagner,66.8,104.8,.280,.305,.522,52.5,48.4,10.8,8.2,.491,15.3,34.8,.201
Wake Forest,67.4,97.7,.294,.460,.524,48.9,50.3,9.1,6.2,.490,17.7,25.8,.214
Washington State,68.6,97.4,.347,.396,.517,52.3,51.8,8.8,9.0,.479,18.7,30.8,.246
Washington,71.0,95.3,.262,.392,.517,44.5,43.7,8.6,9.0,.489,17.3,23.4,.185
Weber State,72.5,112.8,.368,.382,.616,51.4,52.6,9.2,8.0,.579,15.9,22.2,.289
West Virginia NCAA,70.6,108.2,.379,.331,.530,51.8,52.9,10.6,7.7,.489,14.1,35.5,.273
Western Carolina,72.2,102.2,.333,.420,.558,49.6,50.1,6.7,7.4,.526,17.3,22.9,.242
Western Illinois,73.5,99.3,.358,.365,.504,51.1,40.9,7.2,7.9,.461,15.2,29.1,.256
Western Kentucky,69.1,104.4,.355,.328,.552,54.7,53.9,9.3,12.9,.505,17.8,31.8,.280
Western Michigan,68.3,92.4,.252,.370,.513,48.2,49.1,6.5,5.3,.494,19.1,23.6,.161
Wichita State NCAA,68.6,102.9,.366,.402,.508,49.0,53.7,8.8,10.0,.472,13.7,30.2,.249
William & Mary,67.2,95.7,.320,.361,.504,48.4,47.2,7.8,8.3,.461,17.5,28.6,.239
Winthrop NCAA,72.5,108.8,.356,.393,.555,56.1,53.8,10.3,6.5,.526,16.4,35.0,.245
Wisconsin NCAA,65.8,105.4,.262,.409,.533,49.0,54.0,8.5,10.7,.499,12.1,23.6,.202
Wofford,67.6,109.4,.254,.504,.579,51.6,54.3,9.8,6.1,.560,16.6,27.7,.179
Wright State,72.1,113.0,.345,.329,.574,56.2,52.0,8.2,8.4,.544,15.5,34.2,.250
Wyoming,69.9,108.4,.353,.488,.569,47.0,54.1,8.2,5.4,.537,14.3,22.9,.254
Xavier,69.5,106.4,.259,.388,.544,50.8,62.6,9.8,10.3,.521,14.0,26.8,.180
Youngstown State,69.1,106.2,.321,.362,.522,51.3,48.7,8.6,4.6,.484,13.9,33.6,.233