School,G,W,L,W-L%,SRS,SOS,Conf_W,Conf_L,Home_W,Home_L,Away_W,Away_L,Tm_Points,Opp_Points,FG,FGA,FG%,3P,3PA,3P%,FT,FTA,FT%,ORB,TRB,AST,STL,BLK,TOV,PF
Abilene Christian NCAA,29,24,5,.828,6.27,-6.37,13,2,13,0,5,4,75.7,60.4,27.1,60.4,.449,7.62,22.2,.344,13.9,20.5,.678,11.3,36.1,17.7,9.72,2.97,13.6,19.1
Air Force,25,5,20,.200,-12.98,0.22,3,17,3,8,1,10,58.7,71.9,20.9,46.8,.446,6.96,21.1,.330,10.0,14.4,.693,4.40,23.2,12.3,7.08,2.48,14.4,16.6
Akron,23,15,8,.652,1.85,-1.96,12,6,9,1,5,5,78.2,72.2,27.3,61.5,.444,9.43,28.3,.333,14.1,18.7,.758,11.4,38.9,13.3,4.91,3.65,11.8,18.0
Alabama A&M,15,6,9,.400,-18.86,-14.99,4,9,5,2,1,7,63.3,67.2,23.1,57.9,.400,5.53,19.1,.290,11.5,18.4,.627,10.7,38.5,10.9,5.47,3.60,15.3,18.1
UAB,29,22,7,.759,5.80,-3.83,13,5,15,2,6,4,72.6,60.3,27.2,60.2,.451,5.07,16.4,.309,13.2,18.9,.696,10.7,36.7,10.6,7.97,4.17,10.5,15.2
Alabama State,18,4,14,.222,-24.28,-16.95,4,14,3,6,1,8,64.2,71.6,21.3,56.1,.380,6.17,19.4,.317,15.5,23.9,.647,11.4,36.3,9.72,6.11,2.39,16.2,19.1
Alabama NCAA,33,26,7,.788,19.58,10.01,16,2,12,1,7,3,79.7,70.1,28.0,64.4,.435,10.5,30.0,.352,13.1,18.5,.708,12.4,40.7,14.1,8.48,4.33,13.9,18.3
Albany (NY),16,7,9,.438,-4.53,-5.22,6,6,4,5,2,4,69.4,68.7,24.7,55.2,.447,6.38,18.9,.337,13.6,18.8,.724,6.88,30.0,11.7,6.13,1.81,12.6,17.8
Alcorn State,19,6,13,.316,-19.58,-10.06,6,7,4,3,2,9,66.1,75.6,22.9,58.3,.393,5.95,19.8,.301,14.4,19.8,.726,10.8,32.0,9.32,7.58,1.58,14.5,20.7
American,10,4,6,.400,-6.32,-1.82,4,5,2,2,2,4,69.1,73.6,24.8,55.7,.445,9.00,23.8,.378,10.5,14.9,.705,7.80,32.6,12.8,7.30,4.70,15.8,19.3
Appalachian State NCAA,29,17,12,.586,-5.84,-5.72,7,8,9,4,4,7,70.3,64.1,23.8,58.2,.409,8.03,25.4,.316,14.7,19.8,.742,11.0,36.3,11.9,7.93,3.69,11.8,13.6
Arizona State,25,11,14,.440,7.48,10.24,7,10,7,6,2,6,74.3,77.1,26.2,60.6,.433,7.16,21.5,.333,14.7,20.2,.728,7.84,31.9,13.1,7.28,3.28,11.0,19.1
Arizona,26,17,9,.654,15.02,8.18,11,9,12,4,5,5,75.4,68.6,25.7,57.4,.447,6.69,18.0,.372,17.4,24.0,.727,11.7,38.3,15.5,5.85,4.00,11.9,17.8
Little Rock,26,11,15,.423,-6.36,-5.40,7,11,7,4,2,8,68.7,68.5,24.5,53.9,.455,5.65,18.2,.311,14.0,19.9,.702,10.0,34.5,13.6,6.35,3.31,15.1,16.1
Arkansas-Pine Bluff,25,4,21,.160,-22.67,-7.79,3,12,2,3,2,17,62.0,76.8,21.0,54.2,.386,4.92,16.0,.308,15.1,20.9,.723,9.60,32.3,9.60,6.40,3.80,15.8,18.2
Arkansas State,24,11,13,.458,-7.97,-5.87,7,8,9,3,1,9,72.5,69.5,25.9,57.9,.447,6.42,16.8,.383,14.4,19.9,.722,11.0,37.2,14.5,6.58,2.83,13.0,16.0
Arkansas NCAA,32,25,7,.781,17.80,7.18,13,4,16,1,5,4,81.4,70.8,29.2,64.7,.451,7.28,21.9,.332,15.7,21.2,.740,11.8,39.7,14.6,7.84,4.94,12.9,16.9
Army,22,12,10,.545,0.06,0.63,7,7,5,5,5,3,71.7,69.5,26.7,58.5,.456,7.82,24.0,.326,10.5,16.5,.637,8.09,34.6,14.4,6.27,1.45,12.5,15.5
Auburn,27,13,14,.481,10.02,9.28,7,11,8,5,3,8,77.2,76.4,26.3,60.3,.437,9.07,27.8,.326,15.4,21.8,.708,12.9,39.4,14.8,6.22,6.04,16.2,17.9
Austin Peay,27,14,13,.519,-6.66,-8.22,10,10,8,5,4,6,74.3,70.0,27.1,59.9,.453,7.19,21.2,.339,12.9,17.1,.751,12.6,34.5,13.2,6.78,2.00,14.7,17.5
Ball State,23,10,13,.435,-1.96,-1.22,8,9,7,4,3,8,74.7,75.5,26.7,60.2,.443,8.48,24.8,.342,13.0,17.3,.751,9.96,36.9,13.8,5.48,2.39,14.3,19.2
Baylor NCAA,30,28,2,.933,24.83,7.40,13,1,11,0,7,1,82.9,65.5,30.6,62.9,.486,9.97,24.1,.413,11.8,16.7,.708,12.5,36.0,16.9,8.90,3.70,11.5,17.1
Bellarmine,22,14,8,.636,-1.76,-5.56,10,3,6,4,7,2,74.3,66.2,28.0,55.0,.508,6.50,17.3,.375,11.9,15.7,.757,7.77,30.3,15.5,7.27,2.27,11.1,15.5
Belmont,30,26,4,.867,3.46,-8.71,18,2,11,1,10,2,81.3,69.1,29.8,61.0,.489,9.03,26.2,.344,12.7,17.2,.738,8.80,35.7,18.2,7.73,2.90,12.0,14.6
Binghamton,18,4,14,.222,-12.24,-5.35,4,10,1,9,3,5,65.4,72.3,23.9,57.7,.414,8.67,26.2,.331,9.00,13.4,.672,10.6,35.7,11.1,5.00,3.06,13.9,17.1
Boise State,28,19,9,.679,9.75,1.71,14,6,11,1,6,6,75.8,66.7,26.5,58.4,.455,7.86,22.7,.346,14.9,20.2,.735,9.04,35.5,13.5,6.54,2.86,11.7,17.1
Boston College,20,4,16,.200,0.82,8.97,2,11,3,5,0,7,71.3,79.5,25.0,59.3,.422,9.00,27.3,.330,12.3,17.6,.702,9.15,33.3,11.5,7.20,3.85,13.7,16.2
Boston University,18,7,11,.389,-3.71,0.84,6,10,2,6,5,5,69.4,73.9,25.1,57.5,.436,6.94,21.8,.318,12.3,16.4,.750,10.1,35.3,10.6,5.39,3.11,12.5,16.9
Bowling Green State,26,14,12,.538,-0.17,-2.37,10,8,4,7,10,3,77.5,74.6,27.8,66.6,.418,8.19,25.7,.319,13.6,18.5,.736,12.5,38.3,12.6,7.08,2.19,9.85,17.0
Bradley,28,12,16,.429,0.32,1.17,6,12,8,6,2,9,69.6,66.6,26.3,58.4,.450,6.86,21.5,.318,10.1,14.0,.723,10.1,36.9,13.6,5.14,3.57,12.4,16.3
Brigham Young NCAA,27,20,7,.741,15.19,7.23,10,3,11,2,7,2,78.1,68.6,28.7,59.6,.483,8.74,23.4,.373,11.9,16.4,.725,9.44,39.2,16.1,4.59,2.81,13.2,18.0
Bryant,22,15,7,.682,-1.37,-7.27,10,4,10,1,5,5,83.8,75.6,29.0,62.4,.465,9.45,24.8,.381,16.3,21.5,.761,10.2,39.8,15.3,6.91,3.55,15.1,16.6
Bucknell,12,5,7,.417,-7.78,-5.36,4,6,2,3,3,4,74.9,77.3,25.9,56.9,.455,7.33,22.3,.330,15.8,20.7,.762,6.50,33.5,12.0,5.83,3.50,12.7,17.4
Buffalo,25,16,9,.640,6.50,-1.58,12,5,8,3,5,3,81.4,72.9,30.6,66.5,.461,7.00,20.7,.338,13.1,19.5,.671,14.8,43.8,15.9,7.96,4.12,13.9,17.7
Butler,25,10,15,.400,4.76,9.92,8,12,8,4,1,9,63.5,68.7,22.9,55.7,.411,7.16,22.2,.323,10.6,16.4,.646,9.20,32.3,12.3,5.56,2.04,11.4,16.2
Cal Poly,24,4,20,.167,-13.69,-1.56,1,15,3,8,0,11,61.5,70.8,21.6,54.8,.395,6.54,20.5,.320,11.7,16.2,.722,7.79,32.4,12.4,6.21,3.50,13.9,18.6
Cal State Bakersfield,26,15,11,.577,-0.13,-2.38,11,7,9,2,6,8,69.7,64.0,26.3,58.9,.447,5.62,15.9,.353,11.4,16.0,.714,13.4,36.9,14.0,6.42,3.00,13.0,19.2
Cal State Fullerton,16,6,10,.375,-6.32,-3.05,5,9,5,4,1,5,77.0,78.6,26.9,59.4,.452,8.19,21.3,.384,15.1,20.4,.739,8.75,32.9,13.6,6.69,2.00,12.8,16.9
Cal State Northridge,22,9,13,.409,-8.69,-1.97,5,9,4,7,4,4,72.1,77.7,25.5,60.1,.423,7.73,22.9,.338,13.5,18.5,.727,9.45,33.2,13.3,6.36,2.14,11.9,17.4
California Baptist,23,13,10,.565,-5.25,-5.04,6,6,11,4,2,5,79.1,72.8,27.6,58.0,.475,9.35,23.8,.393,14.7,19.9,.737,9.61,37.1,17.5,5.04,2.48,13.5,19.7
UC Davis,18,10,8,.556,-5.83,-4.24,7,5,4,3,4,3,71.9,71.6,24.9,56.7,.440,5.67,17.5,.324,16.4,20.9,.785,8.89,31.7,10.8,7.50,2.78,14.5,19.9
UC Irvine,27,18,9,.667,3.46,-0.86,13,4,10,1,6,6,72.2,63.4,27.0,59.8,.451,4.89,14.4,.338,13.3,17.6,.759,11.2,39.6,11.8,7.56,4.00,13.0,16.7
UC Riverside,22,14,8,.636,4.12,-2.43,10,5,5,4,7,3,70.2,63.6,26.0,58.2,.447,9.14,24.6,.371,9.05,12.8,.706,8.59,36.3,14.0,5.27,2.32,12.0,17.5
UC San Diego,17,7,10,.412,-6.95,0.98,4,10,7,3,0,7,71.4,72.1,26.3,57.2,.459,11.1,29.4,.376,7.76,12.2,.638,5.82,29.5,17.3,6.82,2.18,13.2,13.6
UC Santa Barbara NCAA,27,22,5,.815,7.80,-2.08,15,3,11,0,8,4,76.0,62.8,27.4,56.8,.482,6.70,19.3,.347,14.5,19.3,.751,9.30,35.2,16.2,7.37,2.78,10.9,15.9
California,29,9,20,.310,4.89,9.75,3,17,6,8,1,11,65.4,69.2,22.8,53.0,.430,7.03,21.4,.328,12.8,18.3,.697,8.10,31.6,11.9,4.34,2.24,12.8,17.8
Campbell,27,17,10,.630,-6.82,-7.34,11,6,9,3,6,7,71.0,68.1,25.9,52.2,.496,7.22,19.3,.375,12.0,17.7,.678,6.11,28.4,14.3,6.11,2.26,12.1,17.0
Canisius,13,7,6,.538,-8.61,-7.84,7,5,3,1,4,4,70.4,71.2,24.7,60.5,.408,7.46,25.2,.297,13.5,19.1,.710,10.0,34.6,12.7,5.62,3.46,12.0,18.0
Central Arkansas,24,5,19,.208,-14.86,-1.99,4,12,4,5,1,14,70.9,80.5,25.3,57.8,.437,7.08,19.5,.363,13.3,18.5,.717,10.3,37.0,13.4,5.04,2.67,17.5,18.0
Central Connecticut State,21,5,16,.238,-15.12,-6.27,5,13,3,6,2,9,68.5,77.4,24.9,58.6,.424,7.14,22.0,.324,11.7,16.6,.704,8.52,31.6,12.9,6.90,2.57,14.2,17.1
Central Florida,23,11,12,.478,5.94,8.15,8,10,6,3,4,8,67.2,69.4,23.6,54.9,.429,7.83,22.0,.355,12.3,16.8,.729,9.39,33.3,12.4,6.83,3.43,14.8,16.9
Central Michigan,23,7,16,.304,-12.34,-4.19,3,13,5,7,2,9,76.8,79.8,27.4,61.6,.445,6.61,20.1,.329,15.3,22.7,.673,10.5,36.2,10.7,8.17,2.91,13.3,17.2
Charleston Southern,21,3,18,.143,-16.72,-6.22,2,15,1,9,2,8,65.5,73.8,22.9,56.3,.406,7.62,24.1,.316,12.1,17.0,.714,10.2,37.0,10.4,6.14,3.86,16.5,18.3
Charlotte,25,9,16,.360,-5.68,-2.43,5,11,6,7,3,8,63.5,66.7,21.8,50.4,.432,5.72,17.6,.324,14.2,19.4,.731,6.88,31.1,11.3,5.44,2.92,13.4,14.6
Chattanooga,26,18,8,.692,-1.54,-2.92,9,7,9,3,9,4,72.6,69.3,25.7,58.5,.438,8.38,23.3,.359,12.9,16.5,.783,8.35,33.9,12.3,6.85,1.85,11.1,14.2
Chicago State,9,0,9,.000,-31.82,1.41,0,0,0,0,0,7,55.4,88.7,20.0,55.2,.362,5.67,22.6,.251,9.78,14.0,.698,6.00,26.0,9.89,5.44,1.44,15.6,19.8
Cincinnati,23,12,11,.522,3.99,7.21,8,6,5,5,5,5,68.9,72.1,24.6,58.2,.423,7.09,22.8,.311,12.6,19.2,.656,10.7,36.2,15.0,6.74,3.78,14.6,18.9
The Citadel,25,13,12,.520,-6.07,-1.45,5,11,11,3,1,8,80.8,78.4,28.3,62.6,.452,10.2,28.8,.356,13.9,19.8,.701,9.48,37.8,15.6,5.44,4.32,12.1,16.2
Clemson NCAA,24,16,8,.667,12.49,9.49,10,6,11,1,2,5,64.9,61.9,23.4,55.1,.425,8.25,23.9,.345,9.83,12.8,.769,8.58,32.6,13.3,6.08,2.88,12.6,15.6
Cleveland State NCAA,27,19,8,.704,-5.12,-4.82,16,4,9,2,8,5,70.9,71.2,26.0,57.7,.450,6.37,19.8,.321,12.6,18.8,.671,10.5,34.6,13.7,6.96,2.56,12.9,19.4
Coastal Carolina,26,18,8,.692,-2.74,-7.60,9,5,12,1,3,5,79.5,68.2,28.2,61.7,.456,8.50,23.8,.358,14.7,20.5,.717,13.5,43.5,15.5,8.19,3.96,15.2,16.7
Colgate NCAA,16,14,2,.875,13.66,-1.90,11,1,8,1,6,0,85.2,69.6,30.9,62.8,.493,9.25,22.9,.403,14.1,19.4,.723,9.50,39.9,17.6,7.06,3.44,10.8,16.2
College of Charleston,19,9,10,.474,-4.96,-3.13,6,4,8,6,1,3,70.6,69.9,25.3,56.1,.451,8.32,22.2,.374,11.6,16.4,.711,8.21,32.8,10.6,5.26,2.79,10.4,17.1
Colorado State,28,20,8,.714,8.06,1.06,14,4,10,1,6,4,74.0,66.8,25.5,54.9,.465,8.39,23.8,.353,14.5,18.4,.792,7.57,34.5,14.6,5.86,2.68,13.5,16.6
Colorado NCAA,32,23,9,.719,18.88,9.57,14,6,11,1,6,6,73.1,63.8,25.9,56.7,.456,7.69,20.7,.372,13.7,16.7,.819,9.75,34.8,13.6,5.22,2.75,11.4,16.4
Connecticut NCAA,23,15,8,.652,15.77,8.59,11,6,7,3,6,3,71.7,64.6,26.2,60.3,.434,6.74,20.1,.335,12.7,17.5,.722,13.5,38.2,12.9,6.17,5.26,11.7,18.8
Coppin State,22,9,13,.409,-12.37,-6.06,8,4,5,3,4,9,72.8,79.1,24.0,58.5,.411,8.77,28.9,.303,16.0,25.6,.622,7.45,36.2,13.0,8.55,3.23,15.8,17.9
Creighton NCAA,31,22,9,.710,16.28,8.54,14,6,11,3,7,4,76.0,68.2,28.3,60.1,.472,9.45,26.2,.361,9.87,15.4,.640,8.35,35.7,15.6,6.97,3.32,11.0,15.4
Davidson,22,13,9,.591,9.02,3.40,7,4,7,4,4,2,71.8,64.1,26.0,55.2,.472,9.82,27.0,.364,9.86,14.4,.687,8.95,34.5,15.1,5.14,2.59,10.7,14.9
Dayton,24,14,10,.583,6.31,4.35,9,7,8,3,4,6,69.8,67.8,24.7,51.6,.478,8.00,21.5,.372,12.4,17.4,.713,6.71,33.0,13.5,4.50,1.96,14.4,15.4
Delaware State,19,3,16,.158,-24.09,-6.33,1,11,3,6,0,10,70.8,85.7,24.6,62.3,.396,8.00,25.9,.309,13.5,18.8,.720,10.8,35.7,11.4,6.47,3.63,16.9,21.3
Delaware,15,7,8,.467,-5.19,-5.04,5,4,6,3,1,4,67.5,67.5,23.1,52.9,.438,7.13,21.4,.333,14.1,19.8,.714,8.73,35.1,12.5,4.60,3.60,14.3,17.5
Denver,21,2,19,.095,-16.40,-5.80,1,13,2,10,0,9,69.8,79.1,24.7,55.8,.443,6.71,19.1,.351,13.7,19.0,.721,7.43,30.3,11.9,5.71,2.57,14.8,20.5
DePaul,19,5,14,.263,2.67,8.83,2,13,2,8,2,5,65.8,71.9,25.3,60.7,.417,5.42,17.2,.315,9.74,14.4,.678,12.1,37.7,11.4,6.84,3.89,15.8,19.7
Detroit Mercy,22,12,10,.545,-3.66,-6.21,10,6,7,5,5,5,76.5,74.0,27.2,58.6,.464,10.2,26.1,.391,11.9,14.8,.804,8.95,32.7,14.3,6.82,2.45,11.5,14.3
Dixie State,21,8,13,.381,-14.01,-3.43,4,10,5,7,3,6,69.6,76.3,24.5,58.4,.419,6.10,19.9,.306,14.5,20.3,.714,9.52,35.2,15.3,6.81,2.05,15.2,20.9
Drake NCAA,31,26,5,.839,9.42,-0.48,15,3,14,1,9,2,75.9,64.5,29.3,60.6,.483,7.03,19.2,.367,10.3,14.5,.713,10.2,36.1,13.6,6.97,2.97,10.3,15.7
Drexel NCAA,20,12,8,.600,-0.97,-3.92,4,5,3,2,4,5,70.3,67.4,25.7,55.0,.467,7.25,19.6,.371,11.7,15.0,.780,8.70,33.9,14.9,4.55,2.40,12.8,14.9
Duke,24,13,11,.542,13.04,8.33,9,9,8,5,3,6,76.0,71.3,28.8,61.6,.468,8.38,23.8,.352,9.96,14.4,.691,11.2,35.5,16.3,8.21,4.54,12.8,17.1
Duquesne,18,9,9,.500,2.32,2.49,7,7,5,2,2,5,66.9,67.1,24.3,57.8,.421,6.39,21.4,.299,11.9,18.3,.650,11.4,36.3,13.4,6.72,4.44,13.3,17.2
East Carolina,19,8,11,.421,1.00,3.83,2,10,7,6,1,4,66.8,67.9,23.6,57.6,.410,5.74,18.9,.304,13.8,19.1,.724,9.95,34.4,15.9,6.16,3.11,12.6,17.1
East Tennessee State,25,13,12,.520,1.65,0.30,8,7,8,4,3,5,69.4,66.2,24.8,56.6,.438,8.04,23.0,.350,11.8,16.9,.697,10.1,35.9,11.8,7.36,2.52,13.6,17.2
Eastern Illinois,27,9,18,.333,-12.71,-7.19,6,14,5,7,4,11,69.4,74.9,26.2,60.1,.436,6.89,21.3,.324,10.1,15.4,.657,10.6,35.0,13.3,7.15,3.26,14.2,16.1
Eastern Kentucky,29,22,7,.759,-2.68,-8.24,15,5,10,2,9,4,81.8,73.7,30.0,67.1,.448,9.62,26.8,.359,12.1,17.1,.706,10.6,35.6,15.9,10.3,3.55,12.9,18.4
Eastern Michigan,18,6,12,.333,-14.23,-1.23,3,11,5,4,1,8,70.4,75.7,24.9,59.8,.416,7.11,22.8,.311,13.5,18.1,.745,9.39,33.0,11.0,8.83,2.39,12.3,15.2
Eastern Washington NCAA,24,16,8,.667,4.03,-3.15,12,3,7,2,6,5,78.3,70.4,27.8,59.4,.468,8.50,23.9,.355,14.2,18.0,.791,7.42,35.3,15.2,4.79,2.92,11.5,17.0
Elon,19,10,9,.526,-5.32,-4.43,4,7,4,2,3,6,65.7,65.0,23.6,57.0,.415,8.11,24.9,.325,10.4,14.0,.741,8.74,34.3,10.8,5.68,2.05,11.5,18.9
Evansville,25,9,16,.360,-4.85,-0.01,7,11,8,4,1,10,64.8,69.6,22.8,52.0,.440,9.60,25.5,.377,9.48,13.2,.718,5.96,26.8,11.6,4.88,2.24,11.0,15.1
Fairfield,27,10,17,.370,-11.46,-6.57,7,11,4,8,3,8,61.8,66.7,21.5,53.9,.398,6.04,19.1,.315,12.8,18.4,.696,9.81,35.1,10.0,4.63,2.30,12.9,17.8
Fairleigh Dickinson,24,9,15,.375,-10.17,-6.46,8,10,4,6,5,9,75.0,78.8,26.9,59.7,.450,8.08,21.5,.375,13.2,18.5,.712,10.2,33.9,12.0,7.58,3.88,14.2,18.3
Florida A&M,20,8,12,.400,-12.35,-9.55,7,5,4,1,4,10,65.7,68.5,25.0,56.3,.444,4.75,15.2,.314,10.9,16.8,.652,10.3,35.3,13.3,6.50,2.50,16.9,18.2
Florida Atlantic,23,13,10,.565,-2.05,-4.94,7,5,7,1,4,7,78.1,66.8,28.3,61.3,.463,9.70,25.5,.380,11.7,17.7,.661,12.5,40.4,14.6,7.61,2.74,13.8,18.0
Florida Gulf Coast,18,10,8,.556,-9.63,-7.13,4,5,7,4,2,2,71.8,69.0,26.8,62.6,.429,8.11,27.7,.293,10.0,15.1,.664,11.4,38.9,13.7,7.44,4.28,14.7,15.6
Florida International,26,9,17,.346,-11.20,-3.24,2,15,7,8,2,9,73.6,76.3,26.5,61.7,.430,10.5,31.4,.335,10.0,15.1,.666,9.69,32.6,15.0,8.42,4.04,14.6,17.8
Florida State NCAA,25,18,7,.720,17.12,9.16,11,4,12,1,3,4,77.2,69.2,27.7,58.4,.474,7.68,20.4,.376,14.0,19.0,.741,10.9,36.7,14.5,7.28,5.08,14.4,18.4
Florida NCAA,25,15,10,.600,13.70,9.82,9,7,6,3,5,5,74.2,70.3,26.5,56.3,.471,6.76,19.0,.356,14.4,19.1,.753,9.80,35.3,11.7,7.20,5.24,15.0,18.6
Fordham,14,2,12,.143,-11.69,3.09,2,11,2,5,0,6,51.8,66.6,18.4,51.1,.359,5.64,21.0,.269,9.43,14.1,.670,6.79,29.6,10.9,6.21,2.00,13.4,15.8
Fresno State,24,12,12,.500,-3.57,0.07,9,11,7,5,4,6,66.3,67.4,23.0,53.7,.428,6.83,20.8,.329,13.5,20.2,.666,10.7,35.5,10.4,6.58,2.92,14.3,17.8
Furman,25,16,9,.640,5.99,-1.69,10,5,11,1,5,7,79.6,68.9,29.2,60.0,.487,9.68,28.3,.342,11.5,15.9,.724,8.92,35.2,16.6,8.20,3.36,12.5,17.1
Gardner-Webb,26,11,15,.423,-3.87,-6.14,10,10,7,4,4,11,70.7,68.4,25.0,56.3,.444,8.92,24.7,.361,11.7,16.9,.690,9.19,34.4,13.0,5.88,4.81,11.7,18.9
George Mason,22,13,9,.591,1.91,0.48,8,6,7,3,3,4,71.3,69.9,26.3,61.2,.429,7.27,22.1,.329,11.5,17.9,.642,11.5,37.9,13.0,7.23,4.32,12.8,16.0
George Washington,17,5,12,.294,-5.75,-1.57,3,5,3,6,1,5,68.1,72.3,24.2,54.6,.443,6.00,18.5,.324,13.8,19.7,.699,8.00,34.2,11.4,6.29,2.71,13.7,14.5
Georgetown NCAA,26,13,13,.500,10.13,10.36,7,9,7,6,2,6,71.4,71.7,24.8,58.5,.423,8.31,22.8,.365,13.6,18.0,.753,11.5,39.8,12.8,5.88,3.88,15.2,15.9
Georgia Southern,26,13,13,.500,-10.22,-6.26,7,9,9,4,4,8,71.5,67.8,26.4,59.1,.447,7.46,23.4,.319,11.3,17.8,.635,11.8,37.1,12.5,8.08,3.88,14.4,17.1
Georgia State,22,16,6,.727,-1.70,-4.60,8,4,9,1,5,4,80.3,72.7,29.5,63.0,.468,8.09,22.6,.358,13.2,19.3,.685,11.4,37.5,16.8,7.14,4.41,11.6,16.6
Georgia Tech NCAA,26,17,9,.654,12.79,7.91,11,6,11,3,4,5,74.9,70.0,27.8,58.2,.477,7.38,21.2,.348,12.0,16.5,.726,7.88,30.3,15.8,9.08,3.46,11.2,15.8
Georgia,26,14,12,.538,6.62,8.02,7,11,12,5,2,6,77.5,78.0,28.2,61.7,.458,6.35,19.6,.324,14.7,21.3,.689,12.2,37.4,15.0,8.46,2.46,16.7,18.6
Gonzaga NCAA,32,31,1,.969,27.20,5.92,15,0,12,0,7,0,91.0,69.7,33.7,61.4,.549,7.50,20.4,.368,16.0,22.0,.730,9.03,37.2,18.8,7.94,2.81,12.0,16.3
Grambling,24,12,12,.500,-14.27,-12.49,9,6,6,4,5,7,67.4,68.7,23.4,54.7,.428,5.21,15.7,.332,15.3,23.0,.665,8.63,34.5,14.0,8.13,3.04,15.5,18.0
Grand Canyon NCAA,24,17,7,.708,5.11,-3.46,9,3,10,3,5,1,75.5,62.1,28.2,57.7,.488,6.79,20.7,.329,12.4,18.1,.684,10.6,39.9,16.3,4.83,3.00,12.8,17.2
Green Bay,25,8,17,.320,-10.15,-5.23,8,12,6,6,2,11,71.6,76.5,26.2,60.3,.435,6.80,20.4,.333,12.3,16.4,.749,9.12,32.7,14.1,5.52,3.60,10.8,16.2
Hampton,25,11,14,.440,-13.67,-9.27,9,9,5,7,6,7,68.8,73.2,24.8,57.5,.431,7.40,22.3,.332,11.9,16.4,.725,7.84,33.8,11.7,6.08,5.96,12.7,17.0
Hartford NCAA,24,15,9,.625,-3.45,-4.95,8,6,10,1,5,6,65.4,63.9,23.4,54.4,.431,7.46,23.1,.323,11.1,15.5,.716,7.96,33.3,11.0,6.92,2.25,13.1,16.1
Hawaii,21,11,10,.524,-2.98,-2.72,9,9,7,5,4,4,71.6,69.1,25.4,57.5,.442,7.81,21.7,.360,12.9,17.9,.721,10.3,35.8,11.7,5.67,1.52,13.9,16.7
High Point,24,9,15,.375,-10.78,-7.58,6,11,5,5,4,10,66.7,69.9,23.5,56.5,.416,4.79,16.5,.290,14.9,21.7,.687,11.6,35.5,12.2,6.54,3.79,12.6,17.8
Hofstra,23,13,10,.565,-2.77,-2.94,8,6,7,3,5,6,73.2,73.0,25.9,58.3,.443,7.57,22.9,.330,13.8,19.3,.716,10.5,35.5,12.7,6.61,2.96,12.1,16.0
Holy Cross,16,5,11,.313,-4.99,0.45,5,11,2,7,3,4,70.6,76.1,26.4,59.5,.444,6.94,19.6,.354,10.8,15.5,.698,9.38,32.7,12.1,6.88,3.94,12.9,19.1
Houston Baptist,25,6,19,.240,-16.72,-5.72,4,11,4,6,1,12,71.0,80.3,25.4,59.4,.428,8.08,23.5,.344,12.2,16.6,.733,9.12,34.0,14.2,7.04,3.68,16.7,17.0
Houston NCAA,32,28,4,.875,21.66,5.37,14,3,15,0,5,3,76.1,58.2,26.7,61.3,.435,9.09,25.7,.354,13.6,18.6,.731,14.3,40.5,13.9,7.97,4.66,10.7,18.0
Howard,5,1,4,.200,-14.26,-2.51,0,0,1,1,0,0,72.6,84.8,24.6,56.6,.435,7.60,24.6,.309,15.8,22.0,.718,8.20,35.4,14.8,5.20,5.00,14.4,17.8
Idaho State,24,13,11,.542,-8.39,-5.71,8,6,8,3,5,5,68.2,61.7,23.3,52.5,.443,6.92,20.8,.333,14.7,20.7,.712,10.1,35.9,11.4,4.50,3.46,14.9,18.4
Idaho,22,1,21,.045,-18.32,-2.91,1,17,1,9,0,11,61.0,76.5,22.2,51.5,.432,5.55,16.3,.341,11.0,15.2,.725,6.91,29.9,12.1,4.95,1.95,16.4,18.9
Illinois-Chicago,22,9,13,.409,-12.06,-7.42,6,10,7,4,2,9,67.7,72.3,25.4,59.1,.429,8.09,24.7,.327,8.86,13.5,.659,8.32,34.8,13.5,3.68,3.09,13.2,18.6
Illinois State,25,7,18,.280,-5.45,0.38,4,14,3,8,3,9,72.0,74.8,27.2,59.1,.460,7.80,22.6,.345,9.84,14.9,.661,8.24,35.2,13.8,6.00,3.36,13.8,16.4
Illinois NCAA,31,24,7,.774,23.25,11.34,16,4,11,2,9,3,80.5,68.6,29.3,58.7,.500,6.55,17.5,.373,15.4,22.3,.690,10.4,40.0,16.3,5.68,2.81,13.0,17.7
Incarnate Word,22,8,14,.364,-15.91,-8.33,5,9,5,7,3,6,68.0,71.7,23.8,53.5,.445,7.64,20.4,.374,12.7,18.0,.703,7.77,31.1,12.2,5.36,1.86,14.0,18.0
Indiana State,25,15,10,.600,2.04,1.91,11,7,9,3,5,6,66.5,65.8,23.2,53.5,.433,5.96,17.8,.334,14.1,19.2,.734,8.28,31.8,10.7,6.56,2.92,12.1,14.9
Indiana,27,12,15,.444,12.79,12.45,7,12,6,6,3,7,69.7,69.4,24.2,55.9,.433,5.85,18.1,.324,15.4,23.2,.665,8.96,34.6,13.9,5.74,3.74,11.9,17.7
Iona NCAA,18,12,6,.667,-1.20,-6.42,6,3,4,2,4,3,71.3,66.1,24.8,56.1,.442,7.33,21.2,.346,14.4,19.3,.744,10.8,36.8,13.6,6.83,4.17,15.6,21.6
Iowa State,24,2,22,.083,-0.72,10.40,0,18,2,10,0,11,65.6,76.7,24.6,58.9,.418,7.29,22.8,.321,9.04,11.5,.783,8.58,31.6,11.6,6.50,3.13,14.9,18.6
Iowa NCAA,31,22,9,.710,21.40,10.43,14,6,14,2,6,4,83.7,72.7,29.8,63.3,.471,9.71,25.2,.386,14.5,20.2,.715,11.2,39.7,19.2,5.58,4.55,9.48,14.9
Purdue-Fort Wayne,23,8,15,.348,-12.15,-8.63,6,14,5,6,3,9,75.1,78.7,27.4,54.7,.501,8.87,22.2,.400,11.4,16.5,.689,7.70,31.3,14.3,6.78,2.78,17.1,18.0
IUPUI,18,8,10,.444,-11.65,-7.03,7,9,4,5,4,5,71.2,75.8,25.1,59.4,.423,7.94,23.1,.344,13.0,18.1,.718,9.33,33.8,13.3,6.89,2.22,13.9,18.9
Jackson State,18,12,6,.667,-11.27,-14.05,11,0,6,0,5,5,65.6,62.8,22.1,55.7,.396,5.56,16.3,.340,15.9,23.4,.680,10.4,36.7,10.6,8.17,3.28,15.4,19.3
Jacksonville State,27,18,9,.667,-3.02,-6.06,13,6,8,3,7,5,74.3,68.6,26.8,58.1,.461,8.11,22.8,.356,12.6,18.4,.685,11.1,38.8,14.2,5.00,3.48,13.3,15.3
Jacksonville,24,11,13,.458,-11.15,-6.74,5,9,7,5,4,8,67.6,69.5,24.0,55.0,.437,7.08,21.9,.323,12.4,18.7,.664,8.58,33.3,11.2,6.83,2.63,14.3,15.5
James Madison,20,13,7,.650,-0.11,-3.17,8,2,10,3,3,3,78.1,70.5,27.1,60.0,.452,8.30,24.3,.342,15.5,23.2,.668,11.0,37.4,13.8,7.45,2.05,12.2,18.8
Kansas State,29,9,20,.310,0.76,9.04,4,14,6,12,2,7,61.8,70.2,22.4,54.4,.412,6.59,22.2,.296,10.4,15.7,.664,10.2,32.9,13.0,5.55,1.52,14.9,17.0
Kansas NCAA,30,21,9,.700,15.29,10.26,12,6,14,1,4,6,73.0,67.0,26.3,60.3,.436,7.57,22.1,.342,12.9,18.0,.716,11.1,37.5,13.8,6.90,3.97,12.0,15.3
Kennesaw State,24,5,19,.208,-14.15,-3.67,2,13,4,9,0,9,65.5,69.7,23.8,56.6,.420,6.83,21.9,.312,11.0,16.8,.659,8.96,34.0,10.8,5.75,2.50,14.2,17.9
Kent State,23,15,8,.652,1.74,-1.90,12,6,9,2,6,5,76.7,71.1,27.6,62.3,.443,8.04,24.7,.326,13.4,17.3,.778,12.6,39.1,14.3,6.78,3.26,13.6,17.0
Kentucky,25,9,16,.360,11.77,11.49,8,9,5,6,4,7,70.4,70.2,24.6,59.0,.417,6.40,19.1,.335,14.8,20.4,.729,12.0,38.0,12.5,6.28,5.92,14.0,18.0
La Salle,25,9,16,.360,-3.57,2.85,6,11,6,3,3,11,68.1,73.5,25.3,58.1,.436,7.80,22.9,.340,9.64,14.1,.685,9.36,33.2,12.7,7.44,3.32,14.4,17.2
Lafayette,15,9,6,.600,-5.38,-6.38,9,5,6,3,3,3,77.7,76.7,27.0,61.9,.436,8.60,23.9,.360,15.1,18.7,.804,8.87,35.0,16.2,6.27,3.40,10.9,18.7
Lamar,28,10,18,.357,-13.10,-6.57,7,10,5,5,3,11,65.8,72.4,23.9,57.4,.417,4.96,15.9,.312,13.0,17.7,.734,9.61,34.5,11.9,7.14,4.21,14.1,16.6
Lehigh,15,4,11,.267,-12.85,-4.58,4,10,1,5,3,6,68.3,76.6,25.9,60.1,.431,4.87,15.4,.316,11.7,16.7,.701,9.13,34.7,12.7,6.00,2.13,13.1,17.9
Liberty NCAA,29,23,6,.793,4.06,-6.14,11,2,13,0,5,3,74.4,60.0,27.0,55.3,.487,10.2,26.2,.390,10.2,13.1,.777,6.97,33.5,15.8,4.66,2.45,9.97,14.8
Lipscomb,27,15,12,.556,-7.07,-5.63,9,6,10,4,4,7,71.2,68.4,25.4,55.3,.460,7.41,21.1,.351,12.9,18.6,.692,7.70,34.0,13.5,6.19,1.96,12.1,13.9
Long Beach State,18,6,12,.333,-8.50,-2.83,4,8,4,3,1,8,73.8,79.4,25.9,58.2,.445,7.06,19.7,.359,14.9,21.9,.681,8.17,35.0,11.7,6.22,2.89,16.0,19.4
Long Island University,18,9,9,.500,-7.76,-8.82,9,9,6,3,3,6,74.0,72.9,26.6,64.2,.415,7.44,25.9,.287,13.3,20.0,.667,13.3,39.2,16.3,8.44,3.83,14.4,17.5
Longwood,29,12,17,.414,-7.93,-6.40,10,10,8,5,4,11,66.2,67.8,23.6,54.4,.434,7.14,20.7,.345,11.8,17.2,.689,9.41,32.9,10.7,6.10,1.79,13.1,17.2
Louisiana,26,17,9,.654,-4.84,-5.50,10,7,10,3,6,4,74.4,72.8,27.4,61.8,.444,7.12,20.5,.348,12.4,17.8,.698,12.2,39.5,12.8,5.58,4.69,14.9,17.6
Louisiana-Monroe,26,7,19,.269,-10.59,-5.90,5,13,5,8,2,10,64.2,68.9,23.4,56.3,.416,7.46,22.0,.340,9.92,14.1,.703,7.88,30.4,13.7,7.42,2.85,13.0,16.7
Louisiana State NCAA,29,19,10,.655,15.70,9.14,11,6,11,2,4,6,81.8,75.2,28.8,62.9,.459,8.07,23.2,.347,16.0,21.3,.751,11.4,38.4,12.1,7.76,2.93,11.3,17.4
Louisiana Tech,32,24,8,.750,6.63,-0.21,12,4,15,1,5,5,73.1,65.4,26.0,58.4,.445,7.50,21.8,.344,13.6,20.0,.681,10.1,38.3,13.1,6.78,2.91,12.8,15.5
Louisville,20,13,7,.650,10.35,8.90,8,5,9,2,4,4,68.0,66.5,24.7,57.3,.431,5.35,17.4,.308,13.2,18.4,.717,11.3,38.2,11.1,4.80,1.85,11.4,16.9
Loyola (IL) NCAA,31,26,5,.839,15.12,1.37,16,2,13,0,8,3,71.0,56.1,25.9,52.1,.498,7.13,19.5,.365,12.0,16.7,.719,7.42,32.5,15.8,6.94,2.42,11.7,14.3
Loyola Marymount,22,13,9,.591,5.55,4.05,7,5,8,3,4,5,69.5,68.0,23.9,52.1,.458,6.14,18.2,.338,15.6,21.5,.726,9.77,35.1,12.7,4.68,2.64,16.0,19.0
Loyola (MD),17,6,11,.353,-2.29,-3.47,4,10,3,4,3,7,72.1,70.9,27.1,58.4,.465,5.41,17.7,.306,12.5,20.6,.604,11.2,37.6,13.0,6.82,3.18,14.4,18.1
Maine,9,2,7,.222,-15.66,-4.21,2,6,1,1,1,6,53.1,64.6,19.1,50.2,.381,7.11,22.6,.315,7.78,13.7,.569,7.67,31.2,12.0,5.67,4.44,16.3,17.9
Manhattan,20,7,13,.350,-12.20,-8.35,6,12,4,6,3,6,63.4,67.3,21.9,58.3,.377,5.75,21.8,.264,13.8,20.6,.666,12.7,36.2,11.8,7.70,3.70,14.4,22.6
Marist,21,12,9,.571,-8.99,-8.80,10,8,6,3,6,5,63.4,63.6,22.6,53.0,.427,6.76,21.8,.310,11.4,16.7,.684,7.52,35.0,10.9,5.43,4.00,14.4,17.6
Marquette,27,13,14,.481,8.51,8.58,8,11,7,7,6,6,69.7,69.8,24.5,55.0,.445,6.63,20.6,.323,14.1,19.3,.735,9.56,36.3,12.3,5.07,3.70,14.4,17.2
Marshall,22,15,7,.682,5.70,-1.66,9,5,9,3,6,3,79.9,72.5,29.8,62.8,.475,9.27,25.8,.360,11.0,15.2,.725,8.32,35.4,15.9,7.82,5.18,12.0,15.1
Maryland-Baltimore County,20,14,6,.700,-1.05,-5.70,10,4,5,4,9,2,69.5,64.9,24.1,55.0,.439,6.95,20.4,.341,14.3,20.1,.711,8.75,36.5,10.9,5.10,1.75,12.9,16.8
Maryland NCAA,31,17,14,.548,13.94,11.97,9,11,11,6,4,6,68.9,65.6,24.3,52.8,.460,8.16,22.8,.357,12.1,17.4,.699,6.29,32.7,13.4,5.00,3.32,11.1,14.7
Massachusetts-Lowell,23,11,12,.478,-6.05,-3.61,7,8,3,4,6,6,68.5,70.9,24.3,53.9,.452,6.52,18.8,.346,13.3,20.0,.662,8.74,34.5,11.6,5.00,3.87,14.5,20.4
Massachusetts,15,8,7,.533,4.77,1.03,6,4,4,3,3,3,76.7,73.0,26.3,61.3,.428,8.80,27.0,.326,15.4,21.0,.733,9.07,34.5,14.9,7.33,4.07,12.1,17.4
McNeese State,24,10,14,.417,-18.34,-11.46,4,11,7,5,3,8,80.3,71.8,29.9,60.7,.493,8.50,21.9,.388,12.0,17.4,.688,10.6,37.3,18.5,7.17,2.04,15.0,17.1
Memphis,28,20,8,.714,13.81,4.13,11,4,10,1,4,3,72.4,62.7,26.3,59.3,.444,7.79,21.4,.363,12.0,19.4,.617,12.1,40.0,16.0,8.86,4.86,15.6,19.0
Mercer,29,18,11,.621,1.28,-1.60,8,9,9,4,6,6,76.7,71.8,28.7,59.9,.479,8.62,23.2,.371,10.7,14.9,.718,8.69,36.3,16.5,6.90,2.97,12.9,15.3
Merrimack,18,9,9,.500,-9.06,-8.67,9,9,6,3,3,6,66.3,66.7,24.1,53.7,.449,7.00,22.1,.317,11.1,16.7,.663,6.89,30.9,12.0,8.00,3.78,13.6,16.9
Miami (FL),27,10,17,.370,3.23,7.75,4,15,7,8,1,8,66.4,71.0,24.0,56.4,.425,5.56,18.8,.295,13.0,18.5,.700,9.52,35.0,11.3,6.63,3.85,12.6,12.3
Miami (OH),23,12,11,.522,-2.67,-2.72,9,8,7,4,5,6,72.3,71.6,26.0,59.5,.437,8.57,23.5,.365,11.7,15.1,.776,9.83,34.7,12.1,4.43,2.57,10.8,16.9
Michigan State NCAA,28,15,13,.536,9.80,11.48,9,11,12,3,3,8,69.4,71.1,24.9,58.4,.426,6.36,19.8,.321,13.3,18.3,.727,10.9,37.4,15.9,4.46,4.71,13.0,19.8
Michigan NCAA,28,23,5,.821,22.00,11.25,14,3,13,1,6,2,75.8,65.1,27.5,57.1,.482,7.36,19.3,.381,13.3,17.3,.769,8.93,37.5,15.8,4.29,4.18,11.3,14.7
Middle Tennessee,23,5,18,.217,-10.78,-0.78,3,13,5,6,0,9,62.0,70.7,22.2,57.5,.386,7.43,23.0,.324,10.1,14.8,.683,9.70,33.4,9.96,7.13,2.26,15.0,16.2
Milwaukee,22,10,12,.455,-7.71,-6.98,7,10,4,5,6,6,75.5,76.3,26.7,61.3,.436,7.23,22.0,.329,14.9,20.3,.732,8.95,35.0,13.0,6.09,2.14,11.1,18.4
Minnesota,29,14,15,.483,11.04,11.73,6,14,13,4,0,10,72.5,73.2,24.3,61.9,.392,7.14,25.2,.284,16.8,22.7,.741,11.7,36.8,13.8,6.31,4.62,11.2,18.6
Mississippi State,33,18,15,.545,9.24,6.79,8,10,9,6,5,4,69.3,66.8,25.7,56.5,.454,5.42,15.8,.343,12.5,19.1,.658,12.1,39.0,13.0,6.27,4.52,15.1,15.5
Mississippi Valley State,24,2,22,.083,-38.17,-7.63,2,13,1,5,1,16,56.8,87.4,20.0,56.1,.356,8.92,27.1,.329,7.92,13.8,.572,7.00,31.2,11.0,4.58,2.96,17.9,17.8
Mississippi,28,16,12,.571,11.18,6.00,10,8,10,4,5,6,68.8,63.6,25.0,56.7,.441,5.21,17.4,.300,13.6,19.4,.702,12.1,36.6,12.2,7.54,3.89,14.0,17.2
Kansas City,24,11,13,.458,-4.92,-2.67,7,7,8,3,2,8,70.1,62.6,26.8,53.8,.497,6.21,17.0,.366,10.4,15.8,.660,7.29,30.4,14.8,7.92,2.08,12.5,21.8
Missouri State,24,17,7,.708,5.16,-0.02,12,6,9,4,7,2,73.4,66.4,26.5,55.5,.478,7.50,21.5,.350,12.8,17.3,.742,7.83,37.0,13.5,4.67,2.88,12.7,15.4
Missouri NCAA,26,16,10,.615,12.37,10.87,8,8,8,4,6,4,73.4,71.9,25.7,57.6,.446,7.08,21.8,.325,15.0,21.3,.701,9.81,35.7,13.3,6.65,3.54,13.3,19.7
Monmouth,20,12,8,.600,-5.88,-7.63,12,6,7,2,5,5,76.0,74.3,25.9,61.3,.423,7.70,21.2,.363,16.6,23.4,.707,9.90,37.5,14.0,8.30,3.50,13.4,20.8
Montana State,23,13,10,.565,-5.62,-4.62,8,6,5,3,6,6,74.0,72.0,25.5,56.4,.451,6.17,18.7,.329,16.9,22.4,.755,8.61,33.8,11.0,5.61,2.26,12.5,18.7
Montana,28,15,13,.536,-3.65,-1.57,7,9,8,4,5,8,70.8,67.0,24.9,54.1,.460,5.50,15.2,.362,15.5,19.8,.782,7.64,33.1,12.7,4.89,2.57,13.3,19.7
Morehead State NCAA,31,23,8,.742,-0.95,-4.33,17,3,12,1,8,5,68.8,64.1,24.7,53.3,.463,6.61,18.7,.354,12.8,18.8,.680,10.2,37.3,12.8,4.39,5.00,15.4,14.4
Morgan State,22,14,8,.636,-6.55,-11.24,7,5,5,5,7,2,79.8,73.0,27.4,63.1,.433,8.27,24.1,.343,16.8,22.7,.739,13.5,39.7,14.8,7.86,3.73,15.6,20.7
Mount St. Mary's NCAA,23,12,11,.522,-5.67,-6.67,9,7,6,3,6,6,63.2,62.2,22.9,54.0,.425,6.61,19.8,.334,10.8,16.1,.670,10.5,37.3,11.6,4.26,4.26,12.9,14.8
Murray State,26,13,13,.500,-2.86,-8.20,10,10,9,4,4,8,76.4,66.9,29.1,58.5,.497,8.15,22.2,.368,10.0,14.9,.672,9.19,36.1,16.7,6.73,3.50,13.3,16.6
Navy,18,15,3,.833,1.02,-3.48,12,1,8,2,6,1,71.5,67.0,25.9,57.9,.447,6.17,18.9,.326,13.6,19.1,.709,11.3,35.1,12.3,8.17,2.39,12.4,16.7
Omaha,25,5,20,.200,-12.73,-2.09,3,11,1,5,3,12,67.3,78.0,25.0,59.8,.418,5.32,15.9,.335,12.0,17.4,.688,8.48,34.1,9.44,5.64,3.00,13.1,18.8
Nebraska,27,7,20,.259,6.08,12.28,3,16,6,9,1,10,70.0,74.2,24.9,59.4,.418,8.44,25.3,.333,11.8,18.5,.639,8.89,36.3,13.7,7.15,3.26,14.1,17.5
Nevada-Las Vegas,27,12,15,.444,-1.48,1.01,8,10,8,4,3,7,69.4,67.5,26.1,58.8,.445,8.33,23.7,.352,8.81,12.4,.708,10.3,36.0,13.2,6.37,2.81,12.5,18.1
Nevada,26,16,10,.615,5.40,2.12,8,7,10,2,2,7,73.7,69.7,24.8,55.6,.447,7.73,21.8,.354,16.3,21.5,.755,8.19,35.7,14.4,5.58,2.96,12.7,20.0
New Hampshire,19,10,9,.526,-8.20,-6.70,9,6,5,6,5,3,67.3,66.6,23.8,59.2,.402,6.79,21.3,.319,12.9,18.8,.684,10.8,37.2,11.2,5.47,2.89,11.0,18.1
New Mexico State,20,12,8,.600,-1.21,-5.09,7,6,4,2,5,5,71.1,64.2,24.6,57.8,.426,8.75,27.6,.316,13.2,18.1,.729,11.8,36.1,12.4,5.00,2.40,12.2,17.9
New Mexico,22,6,16,.273,-12.38,-1.73,1,8,0,0,3,8,65.3,71.7,24.5,59.2,.413,4.77,17.4,.275,11.6,19.4,.599,13.2,38.1,12.6,5.73,3.95,14.9,18.0
New Orleans,25,10,15,.400,-10.91,-9.74,8,7,6,3,2,10,76.0,76.4,28.1,59.0,.476,5.48,16.7,.329,14.2,19.3,.737,9.80,35.2,15.6,7.60,2.80,16.8,20.9
Niagara,20,9,11,.450,-7.54,-6.99,7,9,5,3,3,7,64.7,65.2,22.4,55.0,.408,6.40,20.4,.313,13.4,19.0,.708,8.15,31.6,11.8,5.85,1.95,9.95,17.0
Nicholls State,25,18,7,.720,-5.21,-8.71,14,2,8,1,7,5,78.4,73.2,29.4,64.4,.456,7.76,24.2,.321,11.9,17.8,.668,10.9,38.1,13.4,9.12,3.32,13.0,18.5
NJIT,19,7,12,.368,-9.75,-5.70,6,10,3,5,4,6,66.1,70.2,23.2,57.3,.404,6.26,20.5,.305,13.5,19.6,.691,8.84,31.4,9.53,6.68,2.21,11.2,17.7
Norfolk State NCAA,25,17,8,.680,-6.16,-8.51,8,4,7,4,6,3,73.6,69.7,25.2,59.1,.427,7.76,21.1,.367,15.4,21.8,.705,9.92,36.3,12.1,6.52,3.20,12.9,19.2
North Alabama,24,13,11,.542,-10.05,-6.30,7,8,8,4,3,6,73.2,69.4,26.0,60.7,.428,8.00,23.7,.337,13.2,17.7,.745,11.0,39.0,11.3,5.88,3.21,13.8,17.6
UNC Asheville,20,10,10,.500,-6.99,-7.59,9,5,6,4,4,6,73.4,72.8,27.4,57.6,.476,8.05,22.5,.358,10.6,17.4,.606,9.30,33.5,12.7,7.00,4.35,15.1,18.4
North Carolina A&T,21,11,10,.524,-14.27,-8.06,7,1,5,4,5,6,72.2,72.5,25.5,60.6,.421,6.52,20.4,.319,14.7,22.3,.658,10.9,35.0,13.6,8.71,2.67,14.0,17.5
North Carolina Central,14,5,9,.357,-15.99,-8.76,3,5,4,2,0,6,67.3,71.6,23.8,56.5,.421,6.79,20.0,.339,12.9,18.6,.693,9.29,32.7,12.1,7.29,2.79,14.6,20.9
UNC Greensboro NCAA,30,21,9,.700,3.48,-2.15,13,5,7,3,10,3,73.0,67.3,27.4,65.1,.421,7.60,25.4,.299,10.6,15.5,.683,12.6,39.1,12.3,7.47,3.83,11.0,18.1
NC State,25,14,11,.560,9.60,6.48,9,8,7,4,5,5,72.8,69.7,26.8,57.0,.471,6.68,18.6,.360,12.4,17.7,.702,9.80,32.6,13.1,8.08,4.24,12.8,16.0
UNC Wilmington,17,7,10,.412,-6.84,-6.47,1,6,3,4,3,4,76.3,73.7,26.0,59.5,.437,7.53,21.8,.345,16.8,21.9,.766,9.53,32.2,12.1,6.06,3.53,11.2,18.0
North Carolina NCAA,29,18,11,.621,14.79,9.52,10,6,10,1,3,7,75.2,69.9,27.6,63.0,.439,5.59,17.6,.318,14.4,21.5,.668,15.7,42.8,15.3,7.03,4.72,14.6,16.8
North Dakota State,27,15,12,.556,-0.65,-2.72,11,5,6,2,5,7,69.7,67.7,24.4,55.2,.442,6.81,20.0,.341,14.1,18.6,.760,9.48,37.0,10.6,3.89,2.56,12.5,15.9
North Dakota,26,9,17,.346,-10.35,-3.35,8,8,5,3,3,11,68.7,75.7,24.0,55.9,.428,7.31,21.7,.337,13.5,19.3,.698,8.23,32.5,11.8,5.15,2.12,13.1,17.2
North Florida,23,8,15,.348,-11.48,-4.62,6,6,5,3,3,10,69.6,75.0,24.8,55.7,.445,9.96,27.2,.366,10.1,14.1,.714,8.87,32.6,12.9,4.43,3.30,15.0,16.8
North Texas NCAA,28,18,10,.643,7.58,1.02,9,5,8,3,5,6,69.8,62.3,25.6,54.1,.473,7.64,20.4,.375,10.9,14.7,.745,8.50,33.1,13.3,6.50,2.89,12.9,15.7
Northeastern,19,10,9,.526,-1.09,0.02,8,2,5,1,4,7,67.2,68.3,24.1,54.9,.438,8.53,24.1,.354,10.6,14.3,.742,6.63,32.8,12.3,6.26,2.32,13.5,15.7
Northern Arizona,22,6,16,.273,-12.97,-1.61,4,10,1,7,4,7,63.2,74.5,23.0,54.4,.422,6.32,18.0,.350,11.0,16.5,.662,8.09,28.5,10.8,5.45,1.55,11.8,18.0
Northern Colorado,22,11,11,.500,-6.70,-4.22,6,8,6,5,4,5,70.5,69.0,25.0,55.5,.450,9.05,24.0,.377,11.5,17.3,.667,7.95,34.5,11.0,4.32,2.68,14.0,18.0
Northern Illinois,19,3,16,.158,-17.90,-2.80,2,12,2,7,1,9,62.3,77.4,24.0,60.2,.399,5.47,16.9,.324,8.84,14.4,.615,12.8,36.0,10.7,5.79,3.42,13.7,18.0
Northern Iowa,25,10,15,.400,-1.75,2.43,7,11,6,5,3,7,69.5,71.2,25.9,58.4,.443,7.44,22.9,.325,10.3,15.1,.683,9.16,35.6,13.2,6.44,2.56,13.0,15.2
Northern Kentucky,25,14,11,.560,-6.78,-6.90,11,7,9,4,5,6,71.4,71.2,26.3,59.1,.445,7.16,23.4,.307,11.6,16.4,.705,12.2,34.9,11.8,6.44,1.64,12.5,16.7
Northwestern State,29,11,18,.379,-13.48,-4.94,9,7,6,4,4,12,72.6,79.7,26.6,61.7,.431,7.24,20.8,.348,12.3,18.3,.672,10.2,35.6,13.0,6.97,2.93,14.4,18.8
Northwestern,24,9,15,.375,9.71,11.76,6,13,7,6,2,8,70.3,70.0,25.3,58.4,.433,8.33,23.6,.353,11.3,15.8,.718,7.50,33.7,14.7,6.17,2.63,11.8,17.7
Notre Dame,26,11,15,.423,7.73,9.38,7,11,6,5,4,8,72.7,74.3,26.1,56.9,.459,9.08,24.7,.368,11.4,14.7,.773,7.19,33.4,14.9,4.27,3.92,10.6,12.8
Oakland,30,12,18,.400,-9.33,-2.80,10,10,5,4,6,11,74.7,81.2,25.8,61.8,.417,8.63,25.9,.333,14.5,20.5,.706,11.5,35.1,14.8,8.27,1.87,13.0,14.7
Ohio State NCAA,31,21,10,.677,18.25,12.19,12,8,10,4,7,4,77.2,71.1,26.4,57.6,.459,8.13,22.6,.360,16.2,21.4,.756,9.74,36.6,13.1,4.52,3.48,10.6,18.4
Ohio NCAA,25,17,8,.680,5.48,-0.57,9,5,8,3,4,4,79.2,72.6,29.1,60.8,.479,8.36,23.7,.352,12.6,17.9,.703,9.60,35.3,17.5,6.44,2.08,12.0,15.8
Oklahoma State NCAA,30,21,9,.700,13.65,9.78,11,7,10,3,8,4,76.6,72.7,27.2,59.3,.458,6.33,19.1,.332,15.8,22.3,.710,11.1,38.3,12.8,7.47,4.40,15.6,17.2
Oklahoma NCAA,27,16,11,.593,13.52,8.86,9,8,10,3,4,7,74.5,69.9,26.7,60.4,.443,7.85,23.0,.341,13.2,17.7,.745,9.59,35.7,13.3,7.15,3.63,11.0,14.7
Old Dominion,23,15,8,.652,-1.10,-0.87,11,5,9,1,6,6,68.3,67.7,25.5,56.9,.448,4.91,17.0,.288,12.4,18.0,.692,9.74,35.9,12.1,7.48,3.74,12.7,15.9
Oral Roberts NCAA,29,18,11,.621,1.73,-0.04,10,5,8,3,5,7,81.1,75.6,28.0,62.2,.449,11.1,29.3,.380,14.0,17.1,.821,8.17,34.7,12.8,6.59,3.83,11.4,17.3
Oregon State NCAA,33,20,13,.606,11.48,10.82,10,10,10,6,4,6,70.5,67.6,24.3,55.8,.436,6.97,19.5,.357,14.8,19.5,.762,10.1,34.3,14.5,5.79,3.52,11.6,18.8
Oregon NCAA,29,21,7,.750,16.15,9.65,14,4,11,2,7,2,72.3,66.0,26.9,57.0,.472,8.07,21.4,.377,10.5,14.8,.711,9.07,31.9,13.4,7.17,3.55,11.0,15.0
Pacific,18,9,9,.500,2.64,5.23,6,7,6,2,3,6,69.8,70.7,26.6,60.7,.438,5.17,17.3,.299,11.4,16.8,.679,10.1,34.6,12.9,6.44,3.39,11.9,18.6
Penn State,25,11,14,.440,13.53,13.89,7,12,7,5,3,8,72.6,73.0,25.5,62.5,.408,8.84,26.2,.338,12.8,17.4,.738,12.2,36.5,13.4,7.92,2.36,11.4,17.8
Pepperdine,27,15,12,.556,5.65,5.01,7,6,7,5,3,5,76.9,73.6,27.6,59.6,.463,6.93,21.2,.326,14.9,18.9,.785,8.07,35.1,16.3,6.48,3.22,13.1,19.0
Pittsburgh,22,10,12,.455,7.80,6.75,6,10,7,6,3,5,71.2,70.1,25.2,58.3,.432,6.55,19.4,.338,14.3,21.5,.664,12.7,38.3,14.6,6.05,3.77,12.6,17.3
Portland State,22,9,13,.409,-6.33,-4.66,6,8,7,6,2,6,68.7,66.5,24.2,60.7,.399,6.91,23.5,.294,13.5,19.9,.677,13.0,37.8,11.2,8.27,3.00,13.9,20.1
Portland,21,6,15,.286,-12.58,5.08,0,11,5,8,1,6,69.5,83.2,23.2,56.5,.411,7.29,21.5,.339,15.7,20.3,.775,6.57,28.6,11.9,6.29,2.90,13.9,16.2
Prairie View,21,16,5,.762,-8.02,-15.07,13,0,8,0,5,3,71.3,64.2,27.0,60.2,.448,6.62,21.8,.304,10.7,16.3,.655,11.2,35.2,15.9,9.62,4.24,13.7,20.8
Presbyterian,22,7,15,.318,-13.96,-9.00,5,12,5,6,2,9,64.1,67.1,22.7,54.5,.416,5.82,19.0,.306,13.0,18.9,.685,11.3,33.6,10.7,7.00,2.23,15.2,20.0
Providence,26,13,13,.500,8.94,8.82,9,10,8,3,4,7,69.8,69.7,25.3,58.8,.430,6.31,19.7,.320,13.0,18.6,.700,10.6,35.7,13.5,5.65,3.00,11.8,17.0
Purdue NCAA,28,18,10,.643,15.55,11.23,13,6,11,1,5,6,71.0,66.7,25.5,57.0,.447,7.18,21.5,.333,12.9,18.1,.711,11.1,37.6,14.3,5.07,3.50,12.5,17.5
Quinnipiac,22,9,13,.409,-9.10,-7.60,7,10,8,5,1,5,67.5,69.0,23.0,57.2,.401,7.68,23.7,.324,13.9,20.2,.688,7.73,36.0,12.7,5.59,4.55,14.2,19.1
Radford,27,15,12,.556,-6.20,-6.60,12,6,9,5,6,6,67.6,64.6,23.9,52.1,.457,5.85,18.7,.313,14.1,20.7,.681,11.0,37.0,11.1,6.07,1.78,14.9,15.7
Rhode Island,25,10,15,.400,5.29,4.93,7,10,6,3,2,9,71.4,71.1,25.4,57.4,.442,5.72,18.3,.312,14.9,22.3,.668,10.6,38.5,12.1,6.56,4.56,14.1,17.8
Rice,28,15,13,.536,-3.73,-1.49,6,10,9,3,3,9,73.9,73.6,26.1,59.3,.440,10.2,28.6,.358,11.4,15.6,.731,9.43,37.0,15.3,5.46,2.14,15.1,13.9
Richmond,23,14,9,.609,9.04,5.00,6,5,6,4,5,3,74.7,69.0,27.1,57.4,.472,7.52,21.0,.357,12.9,17.7,.727,6.70,30.1,14.2,8.87,2.13,10.5,15.5
Rider,23,6,17,.261,-12.24,-5.76,5,13,1,8,4,8,67.5,74.0,24.5,57.3,.428,6.30,17.9,.353,12.2,16.6,.733,8.96,33.3,12.3,5.09,2.04,12.7,18.7
Robert Morris,19,4,15,.211,-13.20,-5.53,3,12,3,6,1,9,72.3,78.6,27.3,61.5,.443,7.47,20.7,.360,10.3,15.7,.656,10.9,34.0,15.7,6.53,3.00,13.4,18.3
Rutgers NCAA,28,16,12,.571,14.14,12.50,10,10,10,4,4,6,69.3,67.6,26.5,59.0,.449,6.14,19.7,.312,10.2,16.0,.636,9.71,35.3,13.7,7.61,5.14,11.5,17.5
Sacramento State,20,8,12,.400,-7.76,-3.65,5,9,5,3,3,8,72.2,72.1,26.6,57.9,.459,6.65,18.1,.367,12.4,18.3,.679,9.35,31.4,12.8,6.90,2.25,10.1,17.8
Sacred Heart,18,9,9,.500,-12.19,-7.47,9,7,4,3,5,6,70.3,75.0,23.9,58.1,.412,7.94,24.1,.329,14.4,19.5,.741,10.8,35.9,13.4,4.89,2.11,12.9,16.6
Saint Francis (PA),22,6,16,.273,-10.30,-5.80,5,13,4,6,2,10,68.9,73.4,24.6,57.5,.427,5.86,19.0,.309,13.8,19.4,.714,10.4,35.4,12.8,5.77,2.14,14.2,17.2
Saint Joseph's,20,5,15,.250,-4.56,5.89,3,9,3,3,1,9,72.2,82.6,25.3,61.9,.409,9.55,30.4,.314,12.0,16.6,.725,8.25,33.8,14.3,6.00,1.80,14.1,17.9
Saint Louis,21,14,7,.667,11.76,2.19,6,4,12,1,1,4,75.0,65.4,27.9,60.4,.462,6.52,18.8,.348,12.7,18.0,.704,12.3,38.4,17.6,7.38,3.29,12.1,17.0
Saint Mary's (CA),24,14,10,.583,8.05,6.43,4,6,9,3,2,3,64.3,62.6,23.4,55.5,.422,6.17,21.0,.294,11.3,15.3,.734,8.46,34.4,10.7,6.04,3.08,11.3,16.7
Saint Peter's,25,14,11,.560,-5.48,-7.20,10,8,8,3,4,7,63.2,61.5,22.2,55.4,.400,6.16,19.1,.323,12.6,18.1,.698,11.0,37.0,11.7,8.04,5.32,14.8,20.0
Sam Houston State,28,19,9,.679,-3.29,-4.87,13,3,12,1,7,6,79.6,70.3,28.5,62.8,.453,9.11,25.5,.357,13.6,19.6,.692,11.4,36.9,15.5,8.46,3.14,14.4,20.2
Samford,19,6,13,.316,-8.93,-1.63,2,9,4,5,2,7,76.8,79.5,28.5,64.1,.444,7.95,25.5,.312,11.9,17.4,.686,11.7,39.7,14.9,6.79,2.47,16.2,20.9
San Diego State NCAA,28,23,5,.821,14.36,2.99,14,3,13,2,6,2,73.6,61.2,25.7,57.0,.451,8.57,23.3,.369,13.7,19.1,.719,9.79,35.8,13.9,8.18,2.79,11.1,18.4
San Diego,14,3,11,.214,-5.22,5.64,2,7,0,5,3,5,66.2,77.1,25.1,60.5,.416,5.86,19.3,.304,10.1,15.5,.650,8.00,33.5,13.2,6.71,3.43,13.2,18.0
San Francisco,25,11,14,.440,6.00,3.84,4,9,3,5,4,6,71.4,69.3,25.9,60.6,.427,10.4,30.5,.340,9.32,13.0,.719,9.04,33.2,11.9,7.16,3.32,11.7,19.3
San Jose State,21,5,16,.238,-17.50,0.98,2,12,4,6,0,8,65.8,81.3,23.5,59.9,.392,7.48,23.5,.318,11.3,17.3,.654,8.24,34.4,10.1,4.71,2.71,12.6,16.6
Santa Clara,20,12,8,.600,-0.05,2.16,4,5,6,3,4,3,69.7,70.6,24.3,56.0,.434,5.50,17.9,.306,15.6,22.8,.684,8.20,36.5,12.0,4.40,3.90,13.0,17.9
Seattle,23,12,11,.522,-5.24,-3.51,4,5,6,3,3,6,72.9,68.6,25.8,62.0,.416,8.09,25.8,.314,13.3,18.1,.733,10.3,33.7,11.5,6.57,3.48,10.7,18.9
Seton Hall,27,14,13,.519,11.12,9.53,10,9,7,4,6,7,71.3,69.7,24.9,56.5,.441,6.67,20.8,.321,14.7,20.1,.732,10.2,34.9,12.9,6.30,4.37,13.0,16.4
Siena,17,12,5,.706,-3.99,-8.58,12,4,6,2,6,2,67.6,63.0,24.2,52.6,.460,6.35,18.5,.344,12.9,19.6,.658,8.94,34.9,12.6,5.53,3.29,12.9,15.5
South Alabama,28,17,11,.607,-6.03,-5.86,10,7,10,5,6,5,74.1,70.9,25.5,57.9,.441,9.14,25.3,.362,13.9,19.4,.718,9.61,35.6,11.2,7.14,3.25,11.9,15.5
South Carolina State,18,1,17,.056,-24.90,-7.56,1,7,1,6,0,11,61.2,78.6,22.3,57.4,.388,6.83,21.6,.317,9.83,15.8,.621,9.72,31.3,9.89,5.89,2.78,17.3,18.6
South Carolina Upstate,23,5,18,.217,-13.70,-5.20,5,11,3,8,2,10,65.9,74.4,23.4,55.2,.424,7.43,22.1,.337,11.7,16.2,.720,8.09,31.2,12.0,6.22,2.48,14.1,18.5
South Carolina,21,6,15,.286,3.39,10.01,4,12,3,6,2,7,72.5,79.1,27.0,65.0,.415,6.76,22.2,.305,11.9,18.1,.654,12.8,36.0,13.3,8.38,3.67,14.9,19.1
South Dakota State,23,16,7,.696,3.27,-2.05,9,3,8,1,4,2,80.4,73.5,28.5,57.2,.498,8.04,19.9,.404,15.4,21.6,.716,7.74,35.7,14.2,5.52,3.09,12.3,16.1
South Dakota,25,14,11,.560,-1.25,-3.50,11,4,7,2,5,4,76.0,72.2,27.0,57.5,.469,7.44,19.1,.389,14.6,18.7,.780,7.20,34.8,14.0,4.56,2.44,10.7,18.7
South Florida,22,9,13,.409,-0.02,6.27,4,10,4,6,3,4,65.9,71.4,23.5,58.0,.404,6.27,19.2,.327,12.7,19.9,.637,12.5,37.8,11.4,5.27,2.82,14.0,17.2
Southeast Missouri State,27,11,16,.407,-10.18,-7.51,9,11,7,6,3,9,69.0,71.7,23.3,54.4,.429,7.59,21.6,.352,14.8,22.0,.671,9.56,35.1,13.9,6.85,2.37,15.4,19.0
Southeastern Louisiana,26,8,18,.308,-17.40,-8.02,5,11,3,4,4,13,68.3,77.7,22.7,57.6,.395,6.81,23.3,.292,16.0,23.6,.678,12.1,34.1,10.0,6.92,2.46,15.9,19.6
Southern California NCAA,33,25,8,.758,20.50,10.65,15,5,13,2,7,3,74.9,65.1,27.4,58.1,.472,6.48,18.0,.360,13.7,21.1,.649,11.6,38.8,13.9,4.76,5.09,12.4,15.1
SIU Edwardsville,26,9,17,.346,-14.94,-6.02,7,12,2,8,6,7,65.7,73.0,23.8,54.0,.441,6.00,18.8,.318,12.1,17.8,.680,8.69,32.8,13.0,5.88,4.65,15.9,16.8
Southern Illinois,26,12,14,.462,-3.56,0.72,5,13,8,5,3,8,65.5,68.1,23.6,52.4,.451,8.08,21.5,.375,10.2,15.4,.665,5.35,29.7,13.5,6.15,1.85,12.0,14.2
Southern Methodist,17,11,6,.647,10.97,4.44,7,4,6,2,5,2,74.6,68.1,26.8,58.8,.456,7.65,21.8,.350,13.4,18.4,.728,10.4,36.7,15.3,6.12,4.53,14.0,17.5
Southern Mississippi,25,8,17,.320,-6.88,-2.10,4,13,6,7,2,9,64.2,66.7,24.1,55.8,.432,5.36,16.8,.318,10.6,15.7,.676,8.32,35.1,12.1,5.92,2.08,14.1,15.9
Southern Utah,24,20,4,.833,0.63,-5.69,12,2,14,0,5,3,84.2,69.5,29.1,61.5,.474,8.79,25.8,.341,17.2,23.0,.748,11.0,39.4,14.1,7.00,2.63,12.1,16.9
Southern,19,8,11,.421,-13.49,-13.07,8,6,5,2,3,7,69.8,70.3,24.5,56.7,.432,5.47,16.9,.323,15.4,22.9,.672,9.68,36.3,14.1,8.16,2.58,16.3,20.6
St. Bonaventure NCAA,21,16,5,.762,13.44,4.49,11,4,8,1,4,3,70.0,61.1,25.8,58.3,.443,6.38,18.6,.344,12.0,16.3,.738,11.3,36.9,14.6,5.86,3.95,10.7,15.3
St. Francis (NY),19,9,10,.474,-10.23,-8.38,9,9,4,6,5,4,77.7,79.5,28.5,63.9,.446,6.21,18.7,.331,14.4,19.6,.735,11.4,36.2,14.3,8.05,3.47,12.1,20.2
St. John's (NY),27,16,11,.593,9.41,7.19,10,9,11,3,4,6,79.0,76.7,28.9,64.6,.447,7.41,21.5,.345,13.9,18.5,.749,11.2,36.0,16.3,9.11,3.89,12.6,18.3
Stanford,27,14,13,.519,10.15,10.01,10,10,5,4,6,6,69.7,69.6,25.1,54.1,.464,5.37,16.7,.322,14.1,19.7,.717,7.74,33.5,12.3,7.07,3.41,14.9,16.6
Stephen F. Austin,21,16,5,.762,-1.63,-8.46,13,3,10,1,6,4,80.3,70.7,29.6,56.9,.521,4.76,14.1,.337,16.3,24.0,.680,11.6,35.7,15.8,9.48,3.48,16.6,20.0
Stetson,27,12,15,.444,-7.26,-4.51,7,9,7,5,3,8,71.3,70.2,25.4,58.8,.433,9.11,24.7,.369,11.3,16.2,.696,10.4,35.4,13.7,6.96,2.74,13.2,16.4
Stony Brook,23,9,14,.391,-6.14,-4.73,7,9,5,5,4,8,66.2,65.6,23.6,57.3,.412,6.09,20.6,.296,12.9,18.9,.682,11.4,38.0,12.1,5.61,4.96,13.8,16.8
Syracuse NCAA,28,18,10,.643,13.27,8.59,9,7,13,1,2,7,74.8,70.1,26.5,60.0,.442,8.46,24.2,.350,13.3,17.0,.782,10.2,35.4,15.0,8.11,5.04,11.3,14.6
Tarleton State,20,10,10,.500,-7.28,-3.02,5,7,6,3,4,7,73.3,62.3,26.5,56.5,.469,5.50,14.6,.378,14.8,20.6,.721,8.50,31.9,14.7,10.4,2.65,11.6,19.6
Temple,16,5,11,.313,2.57,5.57,4,10,3,5,2,5,65.8,68.8,21.8,54.3,.401,7.19,21.0,.342,15.1,21.1,.716,9.25,36.3,13.4,4.19,2.44,13.3,17.6
Tennessee-Martin,24,8,16,.333,-19.41,-5.89,6,14,6,7,2,9,65.5,77.0,23.2,58.0,.399,6.88,20.6,.333,12.3,17.0,.719,10.8,32.3,12.0,7.17,2.58,14.3,17.9
Tennessee State,23,4,19,.174,-14.10,-7.23,3,17,4,8,0,11,68.4,74.0,24.7,58.3,.423,6.00,20.9,.288,13.0,19.0,.683,9.35,33.7,11.7,7.39,3.17,15.3,20.8
Tennessee Tech,27,5,22,.185,-14.13,-3.84,5,15,5,6,0,16,66.6,76.9,24.3,56.2,.432,7.70,24.0,.321,10.3,15.2,.676,9.07,33.6,14.1,6.52,2.30,15.9,15.9
Tennessee NCAA,27,18,9,.667,16.87,8.46,10,7,13,3,4,4,71.9,63.5,25.3,57.6,.439,6.59,19.9,.331,14.8,19.8,.746,10.9,35.9,14.9,7.26,4.81,12.5,16.4
Texas A&M-Corpus Christi,24,5,19,.208,-16.77,-6.10,2,13,4,8,1,10,64.8,71.5,22.6,54.0,.418,6.38,19.3,.330,13.2,19.3,.686,8.58,34.0,12.8,6.88,3.08,16.7,17.7
Texas A&M,18,8,10,.444,2.20,4.86,2,8,6,4,2,4,64.3,66.9,22.3,53.7,.415,6.50,21.7,.299,13.2,18.2,.726,11.0,33.4,12.1,6.89,1.89,14.8,16.9
UT Arlington,26,13,13,.500,-7.23,-4.57,9,8,9,4,3,8,73.7,70.3,26.0,63.8,.408,9.04,25.3,.357,12.6,17.1,.736,11.7,37.4,13.7,8.27,4.77,12.0,16.7
TCU,26,12,14,.462,2.61,6.99,5,11,6,7,3,6,66.8,71.2,24.0,54.9,.438,6.73,19.9,.338,12.0,17.8,.672,9.81,34.6,13.0,6.04,3.46,14.2,15.7
UTEP,24,12,12,.500,1.07,1.26,8,8,10,2,2,9,70.8,68.5,25.3,59.7,.425,7.13,21.8,.326,13.0,17.3,.748,8.75,34.5,11.9,6.25,2.79,10.9,17.5
Texas-Rio Grande Valley,19,9,10,.474,-9.63,-5.23,2,5,8,3,1,6,72.4,67.7,25.1,61.3,.409,6.63,22.6,.294,15.7,24.6,.637,13.5,39.1,15.2,8.89,4.26,14.8,21.5
UTSA,26,15,11,.577,-1.22,-0.17,9,7,12,2,2,8,78.8,73.3,29.5,66.0,.447,8.04,24.0,.334,11.7,15.4,.761,11.5,38.5,14.7,6.19,3.19,11.6,18.3
Texas Southern NCAA,26,17,9,.654,-6.15,-9.03,10,3,8,2,5,6,73.9,69.5,26.7,60.2,.444,4.50,16.3,.276,15.9,22.8,.699,12.0,40.9,12.1,7.00,4.42,15.3,17.9
Texas State,25,18,7,.720,-3.85,-7.37,12,3,8,3,9,3,66.4,61.7,25.2,54.4,.462,5.56,14.6,.380,10.5,14.9,.707,9.24,32.9,13.6,6.88,2.92,13.3,16.9
Texas Tech NCAA,29,18,11,.621,16.59,7.28,9,8,11,4,5,4,72.5,63.2,25.3,57.7,.439,6.38,18.0,.354,15.5,21.9,.710,11.5,35.0,13.0,7.14,4.00,10.8,17.3
Texas NCAA,27,19,8,.704,15.51,9.36,11,6,8,5,6,2,74.4,68.2,26.0,57.3,.454,8.59,24.1,.356,13.8,19.4,.710,10.8,38.4,13.2,6.52,4.07,14.6,19.7
Toledo,30,21,9,.700,6.59,-1.88,15,4,12,1,7,5,81.1,72.6,28.4,62.3,.456,10.5,28.1,.372,13.8,17.7,.780,10.7,37.6,16.0,6.13,2.47,11.1,15.3
Towson,18,4,14,.222,-9.83,-2.33,3,9,4,4,0,6,67.4,74.9,24.1,58.6,.411,5.00,17.3,.289,14.2,19.6,.727,12.5,37.0,9.44,5.00,2.78,12.4,17.7
Troy,28,11,17,.393,-12.06,-4.06,4,12,7,4,2,11,65.3,69.4,22.7,57.0,.398,6.11,22.1,.276,13.8,19.8,.695,10.8,37.7,11.4,6.25,3.11,14.9,17.1
Tulane,23,10,13,.435,1.03,3.59,4,12,6,6,3,6,63.9,66.5,21.1,55.2,.383,6.57,22.0,.298,15.1,20.2,.746,8.30,32.7,11.7,7.48,3.09,11.2,15.7
Tulsa,23,11,12,.478,4.19,5.43,7,9,7,5,4,4,68.4,65.6,24.6,54.9,.448,6.91,21.9,.315,12.3,18.1,.678,8.87,34.0,14.2,6.35,2.00,13.3,16.5
UCLA NCAA,32,22,10,.688,16.30,11.34,13,6,11,1,5,6,73.4,68.4,26.8,58.0,.461,6.81,18.3,.372,13.1,18.3,.715,9.75,34.9,13.7,4.94,2.78,10.5,16.1
Utah State NCAA,29,20,9,.690,10.99,1.32,13,4,10,2,5,3,72.6,62.3,26.7,59.7,.446,6.38,19.2,.332,12.9,17.9,.722,12.4,40.7,16.2,6.66,5.00,13.9,15.0
Utah Valley,22,11,11,.500,-3.41,-1.61,9,4,8,4,3,6,74.2,74.3,26.9,56.6,.475,5.27,15.2,.346,15.1,23.9,.631,10.9,38.8,16.8,5.23,4.59,15.0,19.6
Utah,25,12,13,.480,11.86,9.54,8,11,8,5,3,7,72.1,69.8,26.2,55.9,.469,6.88,19.4,.355,12.8,16.1,.792,7.40,31.3,15.1,5.44,3.40,12.6,16.8
Valparaiso,28,10,18,.357,-4.21,1.14,7,11,6,6,4,11,65.0,67.9,23.6,56.3,.419,6.75,22.7,.298,11.1,15.3,.727,7.00,32.9,12.7,6.54,3.46,12.4,15.9
Vanderbilt,25,9,16,.360,6.14,6.74,3,13,6,7,2,8,71.8,72.4,24.4,56.6,.430,9.32,26.7,.349,13.7,18.6,.736,9.84,33.7,12.7,7.00,2.60,13.8,17.6
Vermont,15,10,5,.667,1.99,-7.61,10,4,6,3,4,2,73.0,63.4,25.5,55.2,.463,7.73,22.5,.344,14.2,18.2,.780,8.40,34.9,14.1,5.00,2.60,12.2,17.7
Villanova NCAA,25,18,7,.720,17.47,9.19,11,4,9,0,4,4,74.8,66.5,26.2,57.8,.453,9.16,25.9,.353,13.2,17.4,.763,9.28,33.9,15.0,5.08,1.88,9.08,15.5
Virginia Commonwealth NCAA,27,19,7,.731,11.30,4.76,10,4,12,2,5,3,69.0,62.7,24.4,54.1,.451,6.22,18.9,.329,14.0,18.4,.761,8.81,33.0,12.9,8.89,5.19,14.1,18.0
VMI,25,13,12,.520,-0.41,-0.78,7,7,11,1,1,10,80.0,75.9,28.2,60.7,.465,10.8,28.4,.380,12.8,16.5,.772,8.12,38.5,15.7,5.36,3.00,12.6,14.6
Virginia Tech NCAA,22,15,7,.682,12.59,6.50,9,4,10,2,3,3,72.0,66.0,25.4,56.4,.450,8.18,23.1,.354,13.1,18.8,.698,9.27,34.5,14.2,4.82,3.86,11.6,16.5
Virginia NCAA,25,18,7,.720,15.27,7.59,13,4,10,1,6,3,68.2,60.5,25.2,53.0,.474,8.48,22.6,.375,9.40,11.5,.816,6.48,31.6,13.8,4.92,4.44,9.16,12.9
Wagner,20,13,7,.650,-5.35,-7.90,13,5,7,3,6,4,71.3,68.7,26.6,60.3,.442,5.85,18.4,.318,12.1,16.9,.718,12.3,35.6,12.9,7.35,2.55,12.3,20.3
Wake Forest,22,6,16,.273,1.72,8.06,3,15,5,6,1,9,66.3,72.0,22.8,55.5,.410,8.86,25.5,.347,11.9,16.3,.727,9.00,32.6,11.5,6.18,2.18,13.6,16.6
Washington State,27,14,13,.519,8.12,6.93,7,12,11,5,3,6,68.6,67.4,23.4,57.0,.411,7.70,22.6,.341,14.0,19.8,.710,11.3,38.0,12.1,6.19,3.52,15.3,18.4
Washington,26,5,21,.192,1.88,11.61,4,16,4,7,1,9,67.7,77.4,24.7,58.2,.424,7.58,22.8,.332,10.8,15.3,.705,8.19,31.2,10.8,6.08,3.65,13.7,18.2
Weber State,23,17,6,.739,3.14,-5.22,12,3,11,0,6,5,81.8,69.3,28.5,56.5,.505,8.39,21.6,.389,16.3,20.8,.787,6.43,32.8,15.0,6.70,3.00,12.5,16.3
West Virginia NCAA,29,19,10,.655,15.36,10.05,11,6,8,5,7,2,77.3,72.0,26.5,61.8,.429,7.45,20.4,.364,16.9,23.4,.719,13.4,37.8,14.0,7.59,2.83,12.0,16.3
Western Carolina,27,11,16,.407,-7.43,-2.03,4,13,6,5,4,9,75.5,78.9,26.5,58.4,.454,8.37,24.5,.341,14.1,19.4,.726,7.81,34.4,13.3,4.93,2.78,14.1,16.9
Western Illinois,22,7,15,.318,-12.48,-4.62,5,9,2,5,4,9,73.0,79.4,25.0,61.9,.404,7.14,22.6,.316,15.9,22.2,.715,11.7,38.1,10.2,5.27,3.05,13.0,20.2
Western Kentucky,29,21,8,.724,5.19,0.50,11,3,11,2,5,3,72.7,68.0,25.3,56.3,.449,6.38,18.5,.345,15.8,20.0,.788,10.5,37.7,13.6,6.45,4.62,14.2,14.1
Western Michigan,21,5,16,.238,-11.51,-1.21,4,12,2,9,3,7,63.1,72.0,23.8,54.9,.433,6.71,20.3,.330,8.86,13.9,.639,7.95,33.8,11.7,4.43,2.00,14.5,16.5
Wichita State NCAA,22,16,6,.727,9.36,6.91,11,2,10,2,5,2,71.5,66.8,24.2,59.9,.405,8.09,24.1,.336,14.9,21.9,.680,11.9,37.9,13.0,6.14,3.73,11.2,15.5
William & Mary,17,7,10,.412,-11.23,-3.99,4,6,1,3,5,6,64.8,72.0,22.8,55.8,.409,5.76,20.1,.287,13.4,17.8,.749,10.0,33.8,10.8,5.29,3.29,13.6,15.6
Winthrop NCAA,25,23,2,.920,4.69,-7.15,17,1,11,1,10,0,78.9,67.0,27.8,60.8,.457,8.40,23.9,.352,14.9,21.6,.688,12.8,40.1,15.0,7.44,2.28,14.0,18.4
Wisconsin NCAA,31,18,13,.581,17.22,11.93,10,10,11,5,5,6,69.9,64.6,24.7,58.3,.425,8.68,23.8,.364,11.7,15.3,.768,8.23,33.6,13.4,5.65,3.97,9.03,16.1
Wofford,24,15,9,.625,1.76,-0.24,12,5,9,3,6,4,74.3,67.8,26.9,57.3,.470,10.3,28.8,.355,10.3,14.5,.705,9.00,34.5,14.6,6.67,2.00,12.8,15.8
Wright State,24,18,6,.750,6.89,-7.65,16,4,9,4,9,2,82.0,67.4,29.6,61.3,.483,7.46,20.2,.370,15.3,21.2,.724,11.8,42.3,15.4,5.92,3.63,13.1,13.7
Wyoming,25,14,11,.560,-1.23,-2.31,5,9,7,5,4,5,76.6,75.5,26.0,57.7,.450,10.0,28.2,.357,14.6,20.4,.719,8.12,32.6,14.0,5.80,2.16,11.2,18.7
Xavier,21,13,8,.619,11.09,6.47,6,7,11,2,2,5,74.8,70.2,28.0,61.2,.458,7.71,23.7,.325,11.0,15.9,.694,9.52,37.7,17.6,6.90,4.05,11.2,15.5
Youngstown State,27,15,12,.556,-9.78,-8.17,9,11,10,5,5,7,74.4,72.2,26.6,61.9,.429,6.89,22.4,.307,14.4,19.9,.726,12.8,36.7,12.9,6.04,1.63,11.5,16.3