School,G,W,L,W-L%,SRS,SOS,Conf_W,Conf_L,Home_W,Home_L,Away_W,Away_L,Tm_Points,Opp_Points,FG,FGA,FG%,3P,3PA,3P%,FT,FTA,FT%,ORB,TRB,AST,STL,BLK,TOV,PF
Abilene Christian,36,25,11,.694,2.25,-2.09,11,7,14,3,6,6,76.7,67.6,26.3,60.0,.438,6.86,21.5,.320,17.3,22.9,.754,10.4,32.1,14.9,10.9,1.86,12.6,22.3
Air Force,29,11,18,.379,-5.67,1.33,4,13,7,6,2,10,59.0,66.0,21.6,49.6,.436,7.17,21.6,.333,8.62,13.3,.649,5.93,26.6,12.5,5.45,3.03,13.6,18.0
Akron NCAA,34,24,10,.706,0.91,-3.93,14,6,12,3,8,4,70.6,62.6,24.3,52.9,.460,7.79,22.0,.354,14.2,20.6,.689,9.82,34.9,11.6,5.85,3.24,11.4,15.8
Alabama A&M,30,12,18,.400,-14.43,-8.86,10,8,7,3,4,14,61.4,67.0,21.9,57.8,.379,3.90,14.4,.271,13.8,19.4,.713,11.1,37.8,9.50,7.03,3.20,13.6,16.1
UAB NCAA,35,27,8,.771,10.90,-0.14,14,4,16,2,7,4,80.3,66.7,29.6,63.2,.468,7.89,21.0,.376,13.3,18.0,.739,12.1,38.3,12.9,9.54,4.17,11.5,16.5
Alabama State,31,10,21,.323,-12.05,-5.45,8,10,7,6,3,15,69.7,75.2,24.2,56.8,.426,6.23,18.7,.332,15.0,21.5,.698,10.5,34.3,12.0,7.55,3.58,15.4,18.1
Alabama NCAA,33,19,14,.576,14.62,11.59,9,9,13,3,3,7,79.5,76.5,27.6,62.8,.440,9.24,29.9,.309,15.0,20.6,.728,13.4,39.6,14.7,7.06,4.70,14.5,18.5
Albany (NY),31,13,18,.419,-9.80,-5.77,9,9,4,8,8,9,61.8,65.9,23.0,56.2,.410,5.87,18.2,.323,9.90,14.1,.704,9.06,32.0,9.42,6.74,2.45,12.4,18.0
Alcorn State,34,17,17,.500,-8.68,-4.12,14,4,6,3,9,13,66.5,71.1,24.0,58.4,.412,5.38,17.1,.316,13.1,18.9,.692,11.8,35.9,10.4,7.44,2.71,14.1,17.8
American,32,10,22,.313,-15.38,-7.91,5,13,6,5,4,16,63.5,70.9,24.4,54.3,.450,5.03,15.2,.331,9.63,13.9,.694,6.97,30.7,12.2,6.53,3.06,13.3,14.9
Appalachian State,34,19,15,.559,-1.45,-1.45,12,6,11,5,6,7,67.1,63.1,24.2,57.8,.418,8.32,24.9,.335,10.4,15.8,.659,9.85,35.3,12.6,5.62,2.50,10.3,12.9
Arizona State,31,14,17,.452,7.64,9.48,10,10,9,6,5,7,65.4,67.2,25.0,60.4,.414,6.90,22.5,.307,8.48,12.8,.661,9.42,35.5,13.4,6.68,4.23,11.9,18.1
Arizona NCAA,37,33,4,.892,22.75,6.84,18,2,17,0,9,3,84.0,68.1,30.2,61.3,.492,7.76,22.0,.352,15.8,21.4,.739,11.6,41.4,19.6,6.73,5.68,13.4,16.7
Little Rock,28,9,19,.321,-12.05,-0.73,3,11,6,7,1,10,66.7,73.1,23.3,55.1,.422,7.04,20.9,.337,13.2,17.9,.735,8.32,31.5,13.0,6.93,2.14,13.8,16.7
Arkansas-Pine Bluff,31,7,24,.226,-18.96,-4.58,5,13,5,7,2,17,66.3,78.3,22.8,55.9,.409,6.84,22.7,.301,13.8,19.3,.715,8.77,29.5,11.5,7.16,2.58,13.1,17.4
Arkansas State,29,18,11,.621,-3.27,-3.50,8,7,11,3,6,7,70.9,68.1,25.7,57.0,.451,5.41,17.4,.311,14.1,18.9,.745,10.1,36.0,15.6,7.90,3.31,13.9,16.6
Arkansas NCAA,37,28,9,.757,16.27,8.62,13,5,17,1,5,4,75.9,68.3,26.3,60.6,.434,6.30,20.7,.304,17.1,22.5,.760,10.8,37.8,13.8,7.59,4.14,12.2,16.9
Army,31,15,16,.484,-10.53,-7.53,9,9,10,4,4,12,70.4,70.4,25.9,59.3,.437,6.74,21.0,.321,11.8,18.7,.630,11.1,37.2,12.5,7.84,1.87,13.2,14.8
Auburn NCAA,34,28,6,.824,19.20,8.17,15,3,16,0,8,3,78.2,67.2,27.7,63.7,.435,8.06,25.4,.318,14.7,20.1,.731,12.8,40.4,14.7,8.35,8.00,12.1,18.5
Austin Peay,29,12,17,.414,-10.02,-3.39,8,10,6,5,6,11,64.7,69.1,23.1,56.5,.408,7.90,25.0,.315,10.6,15.0,.706,10.6,32.8,13.5,6.41,2.03,14.0,16.7
Ball State,31,14,17,.452,-7.99,-4.56,9,10,9,5,4,9,74.3,76.8,25.4,57.5,.442,8.55,23.7,.361,14.9,21.5,.694,9.71,35.6,13.2,6.06,2.42,14.0,17.9
Baylor NCAA,34,27,7,.794,21.73,8.76,14,4,15,2,8,3,77.0,64.1,28.3,61.3,.462,8.06,23.5,.343,12.4,17.8,.697,12.9,37.2,15.9,8.76,3.44,12.4,16.1
Bellarmine,33,20,13,.606,-3.77,-1.28,11,5,11,4,8,8,70.1,67.2,26.6,56.0,.475,7.79,22.9,.340,9.12,12.1,.753,7.27,30.3,14.5,5.61,1.67,9.45,14.3
Belmont,33,25,8,.758,6.49,-2.57,15,3,13,1,10,5,78.3,68.6,29.0,59.4,.488,8.55,25.8,.332,11.7,15.8,.743,7.76,33.5,18.0,9.06,3.91,11.8,13.7
Bethune-Cookman,30,9,21,.300,-14.70,-6.70,7,11,4,6,4,13,63.4,69.5,23.7,56.8,.416,4.80,14.3,.336,11.2,16.3,.689,10.0,32.6,10.7,7.93,2.43,13.4,17.1
Binghamton,29,12,17,.414,-10.41,-6.18,8,10,5,8,7,9,67.7,68.4,25.7,58.3,.441,7.34,20.8,.354,8.86,13.4,.661,9.52,36.0,11.5,5.66,3.66,12.6,16.7
Boise State NCAA,35,27,8,.771,11.93,5.22,15,3,13,3,9,3,68.3,60.9,24.3,54.6,.445,7.34,21.2,.346,12.4,19.1,.650,10.2,34.8,11.4,6.00,3.43,12.1,15.0
Boston College,33,13,20,.394,4.03,5.22,6,14,9,7,2,10,66.9,68.1,24.6,57.5,.428,5.76,18.6,.309,12.0,17.0,.704,10.7,34.2,12.4,7.18,2.94,11.9,15.6
Boston University,35,22,13,.629,-5.07,-7.34,11,7,11,4,8,8,70.6,67.7,25.5,56.2,.454,7.51,21.2,.354,12.0,16.3,.739,10.2,34.8,11.0,5.63,2.43,12.1,15.6
Bowling Green State,31,13,18,.419,-8.82,-4.44,6,14,9,7,3,10,80.3,80.5,28.4,65.3,.435,8.23,24.2,.340,15.2,20.5,.739,12.1,38.8,12.6,7.32,3.42,12.3,17.7
Bradley,31,17,14,.548,5.79,1.19,11,7,12,2,3,8,70.5,65.2,25.8,58.1,.444,7.77,23.0,.338,11.2,16.2,.689,11.2,38.8,13.5,6.35,4.58,13.5,17.0
Brigham Young,35,24,11,.686,10.05,5.23,9,6,14,3,6,5,74.3,68.3,27.4,60.0,.457,8.00,22.7,.353,11.4,15.9,.718,10.7,39.3,14.7,4.80,3.17,12.6,17.7
Brown,29,13,16,.448,-3.32,-1.91,5,9,6,7,6,7,71.0,69.5,25.5,58.6,.435,7.21,23.0,.313,12.8,18.0,.709,10.5,35.5,12.2,6.69,3.86,13.1,17.9
Bryant NCAA,32,22,10,.688,-4.80,-7.41,15,2,14,1,7,7,78.0,73.4,27.5,62.9,.437,8.25,27.1,.304,14.8,20.3,.732,12.6,41.3,13.9,6.47,4.47,13.9,17.0
Bucknell,32,9,23,.281,-14.62,-6.37,5,13,7,6,2,15,71.2,79.4,25.6,55.9,.457,7.91,21.0,.376,12.1,15.8,.765,6.81,31.7,14.7,4.63,3.13,13.5,15.3
Buffalo,30,19,11,.633,1.90,-3.21,13,6,9,3,9,6,79.9,72.3,29.7,65.2,.455,8.50,24.9,.342,12.0,17.0,.709,14.2,42.4,15.0,7.13,4.57,13.2,17.1
Butler,33,14,19,.424,4.45,9.16,6,14,9,7,3,8,63.8,66.9,22.7,54.5,.416,6.94,22.8,.305,11.5,16.5,.696,9.03,32.8,11.0,5.18,2.42,12.0,16.7
Cal Poly,28,7,21,.250,-10.60,-3.30,4,12,4,7,2,12,61.5,67.3,21.2,51.8,.409,5.25,18.1,.290,13.9,19.0,.728,9.25,35.0,10.5,4.71,2.43,14.7,19.4
Cal State Bakersfield,28,9,19,.321,-7.57,-2.01,2,14,6,7,2,11,64.9,66.3,24.4,57.6,.423,3.82,13.3,.288,12.3,17.5,.706,11.9,35.0,9.96,6.18,2.39,11.7,20.6
Cal State Fullerton NCAA,32,21,11,.656,-0.04,-2.28,12,5,11,2,7,7,70.0,66.5,24.8,55.7,.445,5.50,16.7,.329,15.0,19.5,.766,9.75,33.4,11.3,7.28,1.97,12.1,15.8
Cal State Northridge,30,7,23,.233,-12.02,-1.41,3,15,4,11,3,11,61.6,71.2,22.6,56.1,.403,5.13,16.9,.303,11.2,16.5,.682,9.83,31.7,9.17,7.20,2.53,12.3,18.7
California Baptist,34,18,16,.529,-3.53,-3.34,7,11,14,5,3,9,70.6,67.2,24.4,55.9,.437,8.00,24.0,.333,13.8,20.4,.673,10.0,37.1,15.9,5.18,2.74,13.9,18.4
UC Davis,24,13,11,.542,-3.70,-4.29,6,6,7,5,5,4,67.8,66.4,25.0,56.9,.440,6.08,18.3,.333,11.7,16.5,.705,8.88,34.3,11.3,6.00,2.88,12.5,18.5
UC Irvine,25,15,10,.600,1.59,-0.93,10,5,9,1,6,7,66.2,60.3,24.4,55.1,.442,5.04,15.5,.325,12.5,16.3,.765,10.0,36.3,10.9,6.00,3.56,13.5,18.0
UC Riverside,28,16,12,.571,-0.92,-1.89,10,7,10,4,6,7,66.6,63.7,24.4,55.1,.442,7.18,22.4,.320,10.6,14.8,.720,7.89,35.5,13.3,5.25,1.32,12.3,16.0
UC San Diego,29,13,16,.448,-7.04,-3.78,7,11,9,4,4,11,70.2,70.6,24.0,54.2,.444,9.14,24.7,.370,13.0,17.4,.748,5.93,30.6,13.6,5.76,1.83,12.6,14.6
UC Santa Barbara,28,17,11,.607,1.38,-4.39,9,6,11,3,5,7,73.8,65.8,27.0,54.5,.494,5.43,16.4,.332,14.4,20.4,.708,9.07,34.9,15.6,6.25,2.93,13.3,17.3
California,32,12,20,.375,3.96,6.96,5,15,10,8,2,9,63.1,66.1,23.6,56.2,.420,5.47,17.8,.308,10.3,14.2,.727,8.72,35.0,10.7,4.88,2.59,11.2,16.5
Campbell,29,16,13,.552,-4.84,-5.76,8,8,9,4,5,8,66.2,62.0,24.9,54.0,.460,6.34,19.9,.318,10.1,14.9,.680,6.93,31.9,13.9,6.21,2.28,10.4,13.8
Canisius,32,11,21,.344,-7.48,-2.25,7,13,10,5,1,15,68.5,71.5,24.3,60.7,.400,7.38,24.1,.306,12.6,18.1,.693,11.1,35.4,13.0,6.03,2.59,11.8,17.2
Central Arkansas,31,11,20,.355,-13.83,-1.70,7,9,8,4,3,14,73.2,81.1,27.8,63.2,.440,6.68,22.2,.300,10.9,14.3,.761,10.1,35.5,14.3,6.81,3.19,13.7,16.7
Central Connecticut State,32,8,24,.250,-17.43,-7.09,4,13,4,7,4,15,61.8,72.1,21.6,54.8,.393,7.34,21.5,.342,11.3,16.0,.708,9.25,31.9,10.6,6.22,2.19,13.8,16.1
Central Florida,30,18,12,.600,6.23,4.63,9,9,13,3,4,8,69.8,68.2,24.7,58.3,.423,8.80,25.1,.350,11.7,16.6,.703,11.1,35.2,14.5,7.00,3.67,13.0,15.7
Central Michigan,30,7,23,.233,-12.56,-1.52,6,12,2,9,5,11,65.9,77.0,23.1,56.5,.409,7.73,22.7,.341,11.9,17.2,.692,9.20,33.2,11.5,6.27,3.03,13.6,19.9
Charleston Southern,31,6,25,.194,-17.56,-4.21,1,15,4,9,1,13,68.5,76.0,24.0,59.0,.408,8.26,26.8,.308,12.1,17.9,.676,10.5,36.2,12.0,6.55,3.00,14.6,16.2
Charlotte,31,17,14,.548,-1.62,-0.42,10,8,11,4,6,6,70.0,71.2,25.2,54.8,.460,7.52,21.8,.345,12.1,15.3,.792,7.10,31.3,14.0,4.81,2.90,11.5,14.1
Chattanooga NCAA,35,27,8,.771,6.12,-0.94,14,4,12,3,12,4,74.2,64.4,27.3,58.8,.464,7.89,22.9,.345,11.7,15.6,.746,10.8,36.1,12.8,7.20,2.14,11.0,15.6
Chicago State,32,7,25,.219,-14.24,-1.96,3,15,5,9,2,15,62.1,74.4,21.9,56.0,.391,7.59,24.5,.310,10.8,16.4,.654,11.5,33.3,9.47,5.47,2.25,14.8,19.7
Cincinnati,33,18,15,.545,7.44,4.28,7,11,12,6,4,7,69.4,65.9,24.6,61.0,.404,8.15,25.8,.315,12.1,18.0,.669,11.5,37.2,13.1,6.30,3.85,10.5,17.5
The Citadel,31,13,18,.419,-6.80,-1.97,6,12,7,8,5,9,76.8,76.8,27.0,60.8,.445,10.7,30.3,.354,12.0,17.9,.672,9.32,37.3,16.1,4.71,3.58,12.2,15.3
Clemson,33,17,16,.515,9.59,6.31,8,12,11,5,3,8,71.7,68.5,25.8,56.6,.456,7.76,21.4,.363,12.4,16.8,.736,8.52,34.6,14.2,5.91,2.33,11.0,15.8
Cleveland State,31,20,11,.645,-1.78,-5.64,15,6,15,3,5,7,75.4,69.9,27.5,57.5,.478,6.35,19.4,.327,14.0,20.8,.671,11.1,35.2,16.5,8.65,3.35,13.5,18.3
Coastal Carolina,33,19,14,.576,0.66,-2.41,8,8,13,7,5,5,72.8,65.3,26.4,58.7,.450,7.45,21.0,.355,12.5,18.0,.696,12.1,39.9,13.5,6.67,3.67,13.2,14.3
Colgate NCAA,35,23,12,.657,0.98,-6.37,16,2,15,1,8,10,75.6,67.1,27.5,58.1,.474,9.91,24.5,.404,10.6,15.2,.697,8.83,36.2,17.1,6.11,3.60,11.3,14.5
College of Charleston,32,17,15,.531,0.52,-1.23,8,10,9,6,7,8,78.2,76.4,28.0,63.7,.439,8.13,23.9,.339,14.1,19.3,.730,13.8,40.3,13.2,7.97,2.75,15.6,20.6
Colorado State NCAA,31,25,6,.806,11.51,4.77,14,4,14,1,6,3,73.4,66.0,26.5,55.2,.480,7.77,21.8,.357,12.6,16.4,.773,6.71,31.7,14.3,6.39,3.06,10.1,15.0
Colorado,33,21,12,.636,9.82,6.15,12,8,12,6,6,4,71.1,67.4,24.8,56.0,.442,6.88,18.8,.366,14.7,19.4,.756,9.97,37.1,13.4,5.48,3.18,13.5,15.6
Columbia,26,4,22,.154,-17.50,-4.62,1,13,3,10,1,12,67.4,78.8,25.0,58.8,.425,7.62,21.4,.356,9.69,15.5,.627,10.2,35.3,12.0,5.92,2.04,15.2,16.7
Connecticut NCAA,33,23,10,.697,16.40,6.88,13,6,14,2,5,5,74.8,65.3,26.7,61.2,.435,7.42,21.1,.352,14.1,18.7,.753,13.8,40.4,14.0,5.94,6.42,11.8,16.8
Coppin State,32,9,23,.281,-12.78,-5.03,6,8,3,6,4,16,66.9,74.7,22.3,57.8,.386,8.56,28.9,.297,13.7,20.0,.684,7.81,34.2,11.0,8.06,3.00,14.4,16.8
Cornell,26,15,11,.577,-3.41,-3.45,7,7,10,2,5,8,79.2,74.7,28.3,60.6,.467,9.65,27.7,.348,13.0,18.4,.707,9.92,37.9,17.3,7.92,2.92,14.2,18.7
Creighton NCAA,35,23,12,.657,11.34,8.54,12,7,11,4,6,5,69.2,66.4,25.6,57.2,.448,6.71,21.8,.308,11.3,15.3,.738,9.60,38.1,13.3,5.49,4.26,14.1,13.6
Dartmouth,25,9,16,.360,-4.12,-2.62,6,8,5,5,4,11,68.4,68.2,24.3,58.4,.417,8.88,26.2,.339,10.8,14.0,.772,8.40,33.1,10.4,6.64,3.36,11.5,16.1
Davidson NCAA,34,27,7,.794,10.43,1.92,15,3,13,1,9,3,75.5,66.0,26.7,55.5,.481,8.85,22.9,.387,13.2,17.6,.754,7.38,34.1,14.6,4.62,2.59,9.79,14.8
Dayton,35,24,11,.686,10.41,2.41,14,4,13,4,7,6,69.2,61.2,25.7,53.8,.478,6.54,18.1,.361,11.2,16.4,.683,9.20,35.2,14.4,5.54,3.86,12.4,13.9
Delaware State,28,2,26,.071,-22.63,-7.39,0,14,2,11,0,13,62.8,73.5,22.6,56.0,.404,6.04,18.6,.325,11.5,17.1,.672,9.93,35.3,9.68,7.25,4.00,17.5,18.0
Delaware NCAA,35,22,13,.629,0.32,-1.82,10,8,9,5,8,5,73.4,70.2,26.0,55.4,.469,7.46,21.5,.347,14.0,18.8,.744,8.51,32.5,12.6,6.66,3.69,12.6,15.6
Denver,32,11,21,.344,-10.12,-5.96,7,11,6,7,4,12,70.5,74.4,25.5,55.4,.460,7.25,19.7,.368,12.3,17.6,.697,7.53,32.3,12.3,5.22,3.34,12.9,17.4
DePaul,31,15,16,.484,7.83,6.73,6,14,11,7,4,8,73.3,72.2,26.3,60.7,.433,6.58,20.8,.317,14.1,20.3,.693,11.8,38.5,11.4,6.23,5.00,12.3,15.7
Detroit Mercy,30,14,16,.467,-6.33,-5.02,10,7,9,1,5,15,70.7,70.5,25.1,57.2,.438,10.4,27.9,.374,10.2,13.1,.776,9.27,31.6,12.1,5.87,1.93,11.6,15.4
Dixie State,31,13,18,.419,-8.53,-0.53,6,12,10,6,3,11,72.5,74.1,25.6,60.2,.426,7.06,22.5,.314,14.1,20.8,.679,10.7,38.5,15.5,6.71,2.42,15.0,18.8
Drake,36,25,11,.694,7.34,1.04,13,5,14,3,8,2,73.9,66.4,27.2,59.1,.460,7.03,20.4,.344,12.5,16.5,.755,9.89,34.7,11.9,7.00,3.19,10.8,17.0
Drexel,29,15,14,.517,-0.29,-1.90,10,8,8,4,6,7,72.8,70.3,27.4,59.2,.463,7.28,21.0,.346,10.7,15.0,.710,8.52,34.2,12.5,4.76,3.00,10.9,15.2
Duke NCAA,39,32,7,.821,19.55,7.26,16,4,15,3,9,2,80.1,67.8,29.7,60.4,.491,7.90,21.6,.366,12.8,17.3,.738,10.5,37.9,16.5,6.38,5.62,10.3,13.6
Duquesne,30,6,24,.200,-6.34,1.86,1,16,3,11,1,10,65.2,73.4,24.7,61.4,.403,6.23,20.5,.305,9.50,13.4,.707,11.4,34.1,10.0,6.63,4.37,11.5,13.9
East Carolina,30,15,15,.500,0.49,2.66,6,11,12,4,2,7,68.8,70.9,23.3,57.5,.406,7.50,22.5,.333,14.5,19.3,.754,9.97,35.2,14.7,6.77,3.07,13.0,16.2
East Tennessee State,32,15,17,.469,-2.76,-0.36,7,11,8,6,4,10,72.1,73.0,26.7,60.0,.444,8.78,25.1,.350,9.97,13.8,.725,10.9,34.8,13.1,6.75,2.78,11.3,14.8
Eastern Illinois,31,5,26,.161,-21.07,-3.97,3,15,4,9,1,16,56.3,71.1,20.1,50.5,.398,5.97,18.3,.326,10.2,15.9,.638,7.10,29.4,11.8,6.32,3.00,16.0,14.5
Eastern Kentucky,31,13,18,.419,-6.75,-5.38,5,11,12,5,1,13,79.3,75.1,28.6,68.5,.417,11.7,33.2,.353,10.3,14.6,.706,12.5,36.2,15.6,10.2,3.65,11.6,16.5
Eastern Michigan,31,10,21,.323,-10.86,-3.03,5,15,8,7,2,14,69.1,76.0,25.2,58.6,.431,6.32,20.5,.308,12.4,17.8,.695,8.32,34.8,10.1,5.84,3.19,13.8,17.5
Eastern Washington,34,18,16,.529,-5.20,-5.14,11,9,9,3,8,11,76.9,74.6,26.6,58.8,.453,8.82,25.2,.350,14.7,19.6,.752,9.09,36.7,15.8,5.56,2.76,13.3,18.6
Elon,32,10,22,.313,-6.15,1.39,7,11,7,7,3,11,67.1,72.2,23.9,56.3,.426,8.53,24.9,.342,10.7,14.5,.737,8.88,33.2,12.5,4.84,2.44,13.0,20.3
Evansville,30,6,24,.200,-10.95,1.40,2,16,4,9,2,11,59.2,70.7,21.0,52.7,.398,8.17,24.8,.330,9.07,12.8,.708,4.80,27.2,10.5,5.93,2.03,11.2,14.7
Fairfield,33,15,18,.455,-3.88,-4.09,8,12,6,9,8,8,67.8,66.0,24.8,57.3,.434,7.61,22.4,.340,10.5,15.0,.704,9.48,34.6,11.9,5.42,3.06,11.0,15.9
Fairleigh Dickinson,26,4,22,.154,-18.13,-6.21,4,11,3,6,1,16,67.2,79.2,24.3,59.8,.406,6.85,21.2,.324,11.8,16.6,.708,10.3,33.1,11.8,6.46,2.96,13.7,18.3
Florida A&M,30,13,17,.433,-12.05,-6.70,11,7,8,4,5,12,65.1,68.8,24.4,57.0,.428,4.57,15.1,.302,11.6,16.5,.705,8.97,32.6,12.0,6.27,3.07,12.5,17.7
Florida Atlantic,34,19,15,.559,2.63,-1.82,11,7,14,5,4,8,74.1,68.1,26.7,58.9,.453,8.79,25.0,.352,11.9,16.8,.712,10.9,36.3,13.4,7.38,2.85,12.9,16.9
Florida Gulf Coast,34,22,12,.647,-3.07,-4.91,10,6,16,3,6,9,77.7,73.7,27.8,61.2,.454,10.2,29.2,.350,11.9,17.7,.676,11.2,38.8,15.7,6.68,4.82,13.5,14.8
Florida International,32,15,17,.469,-6.47,-3.27,5,13,11,5,1,11,70.8,71.1,25.4,59.1,.430,9.63,27.5,.350,10.3,14.7,.702,9.59,35.0,13.8,6.41,4.00,14.0,15.4
Florida State,31,17,14,.548,6.39,7.32,10,10,11,4,4,8,71.0,71.9,25.8,59.4,.434,6.71,20.3,.331,12.7,18.0,.708,11.4,34.9,14.4,8.52,4.87,12.5,16.3
Florida,34,20,14,.588,11.93,7.84,9,9,13,5,4,7,70.6,66.5,24.3,56.9,.426,7.91,26.1,.303,14.1,19.2,.735,11.1,33.6,12.8,8.35,5.03,12.4,16.0
Fordham,32,16,16,.500,-0.89,-0.20,8,10,10,4,3,9,66.1,66.8,23.0,58.4,.394,7.41,25.0,.297,12.6,17.4,.727,10.2,36.8,11.8,7.31,3.72,13.2,17.7
Fresno State,36,23,13,.639,8.36,1.94,8,9,14,4,6,8,66.2,59.4,23.8,53.2,.446,6.94,20.6,.337,11.8,16.6,.711,8.83,34.1,12.0,6.11,2.81,11.2,15.4
Furman,34,22,12,.647,6.20,-1.44,12,6,12,3,8,8,77.6,68.7,27.8,59.9,.464,11.8,31.0,.380,10.3,13.6,.757,9.29,33.1,17.4,8.26,3.50,10.5,14.6
Gardner-Webb,31,18,13,.581,-2.35,-4.43,11,5,11,3,6,9,69.5,64.2,25.3,57.0,.444,7.42,22.5,.329,11.5,16.4,.701,8.81,36.9,13.2,7.26,4.74,13.4,18.3
George Mason,30,14,16,.467,4.18,1.98,7,9,10,4,4,8,70.7,68.5,25.0,56.2,.446,9.33,26.1,.358,11.3,16.3,.694,8.27,34.7,14.1,5.07,3.17,12.2,16.0
George Washington,30,12,18,.400,-4.07,0.40,8,9,8,5,3,10,68.4,72.8,25.3,59.0,.428,7.13,21.1,.338,10.7,15.3,.698,8.30,33.3,12.3,6.90,4.17,12.6,17.1
Georgetown,31,6,25,.194,1.71,8.03,0,19,6,11,0,11,70.7,77.0,24.8,62.1,.400,7.65,22.4,.342,13.4,18.0,.744,12.7,37.3,11.8,7.16,3.84,13.4,16.2
Georgia Southern,29,13,16,.448,-7.04,-3.04,5,11,7,5,4,10,66.4,65.6,24.6,55.1,.447,5.86,19.3,.304,11.3,16.7,.680,9.76,34.7,12.0,7.45,3.45,14.3,17.6
Georgia State NCAA,29,18,11,.621,-1.11,-1.34,9,5,8,4,6,5,70.7,65.7,24.9,62.3,.400,7.62,23.1,.330,13.2,18.4,.720,13.3,37.4,13.5,8.79,4.48,11.7,16.1
Georgia Tech,32,12,20,.375,2.24,6.08,5,15,8,10,3,8,68.6,70.8,25.7,58.3,.441,7.13,20.2,.353,10.0,14.4,.698,8.88,34.0,13.7,7.78,2.56,13.1,18.0
Georgia,32,6,26,.188,-0.63,8.06,1,17,6,13,0,10,69.8,78.5,23.8,53.9,.442,6.41,19.9,.321,15.7,21.0,.747,8.41,32.7,13.9,5.22,2.16,14.4,15.0
Gonzaga NCAA,32,28,4,.875,25.46,4.50,13,1,16,0,5,1,87.2,66.2,32.7,62.6,.521,8.19,22.1,.370,13.7,19.2,.713,9.66,41.9,18.1,6.41,5.81,11.6,15.5
Grambling,32,12,20,.375,-12.35,-5.08,8,9,6,4,4,14,65.4,71.0,23.4,57.6,.407,5.09,16.2,.315,13.5,19.0,.710,10.4,35.8,10.9,6.59,3.34,14.2,18.3
Grand Canyon,31,23,8,.742,5.81,-2.57,12,5,15,2,6,5,71.1,61.2,25.3,58.8,.430,8.16,23.2,.351,12.4,18.2,.679,12.7,40.3,12.8,6.65,2.19,13.0,17.7
Green Bay,30,5,25,.167,-13.89,-5.44,4,16,4,9,1,13,61.7,68.9,22.3,53.1,.419,5.20,18.4,.282,12.0,16.8,.714,8.93,30.0,10.7,4.97,2.77,12.9,15.4
Hampton,28,9,19,.321,-13.54,-6.00,5,11,7,4,2,11,64.8,69.5,22.4,56.1,.399,5.75,19.6,.293,14.2,20.3,.700,8.36,34.5,10.4,5.18,4.04,12.6,18.4
Hartford,32,12,20,.375,-10.03,-7.69,9,9,7,5,5,13,69.8,72.2,25.0,55.6,.449,9.28,25.1,.369,10.6,15.3,.690,7.75,32.4,12.2,6.03,3.16,12.2,15.0
Harvard,26,13,13,.500,-4.68,-4.20,5,9,9,6,4,7,71.5,69.1,26.0,60.2,.432,8.50,25.7,.330,11.0,15.8,.693,9.35,34.7,11.3,7.62,2.42,12.3,15.7
Hawaii,28,17,11,.607,-0.52,-3.06,12,5,10,4,5,5,68.9,64.1,23.8,54.1,.441,8.14,22.7,.358,13.1,17.6,.744,9.21,35.2,12.3,3.54,2.14,13.0,16.8
High Point,32,14,18,.438,-6.53,-3.39,7,9,10,6,3,10,69.5,69.8,25.3,57.2,.442,6.50,19.4,.335,12.5,19.6,.640,10.1,35.7,12.5,6.47,4.66,13.3,17.3
Hofstra,32,21,11,.656,1.80,-0.60,13,5,12,2,8,8,77.9,72.9,29.0,62.6,.463,9.53,28.0,.340,10.4,13.1,.797,8.22,33.2,15.5,7.97,2.72,10.3,14.9
Holy Cross,31,9,22,.290,-16.84,-7.87,7,11,5,9,4,11,65.2,70.7,23.9,57.8,.414,5.84,17.0,.343,11.5,16.3,.708,10.0,33.8,10.2,5.94,3.81,12.5,16.9
Houston Baptist,29,11,18,.379,-14.47,-6.71,6,8,7,6,3,8,75.5,76.6,26.3,59.0,.445,6.90,21.4,.322,16.1,22.6,.711,11.4,36.2,13.4,7.90,2.55,15.1,19.0
Houston NCAA,38,32,6,.842,22.55,6.47,15,3,16,1,7,3,74.8,58.8,27.7,59.7,.465,7.84,23.2,.338,11.5,17.3,.667,13.3,39.0,16.2,8.03,5.16,11.1,17.2
Howard,29,16,13,.552,-6.76,-8.53,9,5,9,4,5,8,76.4,69.6,26.2,59.6,.439,8.45,23.6,.359,15.6,20.9,.745,10.2,34.4,14.4,8.38,3.59,14.8,18.1
Idaho State,30,7,23,.233,-14.96,-5.28,5,15,5,8,2,14,64.4,71.5,22.4,53.6,.419,7.07,22.8,.310,12.4,18.2,.684,9.87,32.7,10.4,4.53,2.20,13.8,18.2
Idaho,31,9,22,.290,-13.19,-4.78,6,14,8,7,1,12,73.0,79.6,25.2,56.9,.442,8.00,21.5,.372,14.7,20.0,.735,8.19,34.2,11.9,3.55,2.23,13.6,19.6
Illinois-Chicago,30,14,16,.467,-8.78,-6.37,9,10,6,6,8,8,72.0,72.9,26.6,60.5,.440,9.03,27.9,.324,9.73,13.8,.705,8.70,33.4,14.7,5.77,3.97,12.0,17.2
Illinois State,33,13,20,.394,-0.78,0.74,5,13,11,6,1,11,74.2,74.7,26.3,58.4,.451,7.85,21.4,.367,13.6,18.3,.745,9.73,35.3,12.3,6.79,4.73,13.8,17.4
Illinois NCAA,33,23,10,.697,16.69,9.48,15,5,13,3,7,4,74.4,67.2,26.2,58.3,.448,8.94,24.9,.359,13.2,18.7,.706,11.5,38.5,15.2,5.18,3.00,12.4,16.3
Incarnate Word,32,7,25,.219,-17.03,-4.34,3,11,5,10,1,11,67.0,76.4,23.0,55.4,.416,8.63,24.8,.348,12.3,15.8,.784,7.94,29.7,11.6,5.19,1.78,13.5,17.4
Indiana State,31,11,20,.355,-3.49,1.94,4,14,8,6,2,11,70.5,71.9,25.0,56.7,.441,8.71,26.1,.333,11.7,15.0,.778,6.19,34.0,13.1,6.00,1.94,13.2,15.2
Indiana NCAA,35,21,14,.600,12.71,8.08,9,11,14,4,3,8,70.8,66.2,25.8,56.8,.454,5.89,17.7,.333,13.3,19.0,.700,9.09,36.1,14.6,5.63,4.83,11.8,17.4
Iona,33,25,8,.758,5.47,-1.14,17,3,13,0,7,5,75.2,68.6,26.4,59.2,.447,7.09,21.3,.332,15.3,22.0,.693,11.4,37.0,16.1,6.55,6.00,12.7,18.2
Iowa State NCAA,35,22,13,.629,12.38,9.33,7,11,14,5,4,6,65.6,62.5,24.3,56.3,.431,6.69,21.2,.315,10.4,15.2,.683,9.63,32.4,14.7,8.54,3.11,13.8,18.3
Iowa NCAA,36,26,10,.722,18.90,6.87,12,8,15,3,6,6,83.2,71.2,29.8,64.5,.461,9.19,25.3,.363,14.5,19.4,.749,11.9,37.3,16.0,7.33,4.33,9.22,16.2
Purdue-Fort Wayne,33,21,12,.636,-5.59,-6.69,15,6,14,2,6,7,73.5,69.6,26.2,57.2,.458,9.42,25.4,.371,11.7,15.6,.748,7.52,30.9,14.1,8.76,2.48,13.4,15.2
IUPUI,29,3,26,.103,-23.61,-6.50,1,16,2,11,1,13,52.4,67.1,19.2,50.6,.380,5.14,17.6,.292,8.90,13.3,.667,10.3,31.5,10.4,5.72,2.55,16.6,17.7
Jackson State,30,11,19,.367,-10.10,-5.60,9,9,6,3,5,15,61.0,65.5,23.1,56.7,.408,5.17,17.2,.300,9.53,15.0,.634,11.2,35.1,10.8,6.10,3.90,13.2,17.1
Jacksonville State NCAA,32,21,11,.656,-0.19,-3.79,13,3,11,4,9,5,73.5,67.2,26.2,56.1,.467,9.28,24.0,.386,11.9,17.3,.686,9.63,36.8,14.3,6.22,2.88,13.1,14.3
Jacksonville,31,21,10,.677,-2.06,-5.21,11,5,15,0,6,10,67.1,59.3,24.8,55.0,.450,6.03,17.4,.347,11.5,16.3,.708,10.8,36.4,12.5,6.55,1.94,11.4,15.1
James Madison,29,15,14,.517,-4.13,-1.10,6,12,9,6,5,6,75.1,73.2,27.7,59.9,.463,7.41,21.5,.345,12.2,17.6,.697,9.28,33.4,13.4,8.52,2.10,12.4,16.4
Kansas State,31,14,17,.452,10.61,9.06,6,12,9,7,5,7,69.0,67.5,24.1,57.4,.420,8.42,24.3,.346,12.3,17.0,.726,8.87,33.2,12.5,7.32,1.65,11.5,17.1
Kansas NCAA,40,34,6,.850,22.28,11.30,14,4,16,1,6,4,78.2,67.3,28.6,59.8,.478,7.15,19.8,.361,13.9,19.4,.717,10.9,37.9,15.3,6.28,4.30,12.1,15.9
Kennesaw State,31,13,18,.419,-4.51,-2.62,7,9,10,6,3,12,74.8,71.2,27.4,59.2,.463,8.32,22.8,.365,11.6,17.6,.662,10.7,35.5,14.4,7.13,2.77,12.4,17.1
Kent State,34,23,11,.676,-0.13,-3.07,16,4,11,4,8,5,71.3,65.2,25.1,56.8,.441,7.56,22.7,.333,13.6,18.2,.746,10.4,35.9,12.4,7.12,3.44,12.2,18.1
Kentucky NCAA,34,26,8,.765,20.90,8.02,14,4,18,0,6,5,79.4,66.6,30.3,62.7,.483,6.09,17.5,.347,12.8,17.6,.726,13.0,40.1,16.1,6.79,4.24,11.6,14.3
La Salle,30,11,19,.367,-3.50,0.54,5,13,8,7,2,10,67.5,71.5,24.8,59.9,.414,7.63,23.9,.319,10.3,15.0,.687,10.8,36.5,13.4,5.90,4.27,13.1,17.2
Lafayette,30,10,20,.333,-12.60,-6.67,7,11,6,9,4,11,67.8,72.8,25.2,58.3,.433,8.77,26.7,.328,8.57,12.5,.684,8.03,31.9,16.2,6.27,3.37,11.0,14.4
Lamar,29,2,27,.069,-15.86,-2.60,0,16,2,9,0,18,61.3,73.0,22.9,57.0,.401,5.24,17.5,.299,10.3,14.9,.688,11.0,34.8,11.1,5.83,2.97,14.6,18.8
Lehigh,32,13,19,.406,-10.82,-7.56,10,8,9,7,4,12,68.4,71.4,24.9,55.7,.447,8.13,21.3,.382,10.6,14.3,.741,6.94,33.3,14.2,4.41,3.56,13.3,16.9
Liberty,33,22,11,.667,1.86,-4.01,12,4,13,3,6,3,73.4,63.5,25.8,54.6,.473,10.3,27.0,.382,11.5,15.2,.756,7.09,34.3,14.7,5.39,1.91,11.6,15.0
Lipscomb,33,14,19,.424,-8.42,-3.29,6,10,9,6,3,13,74.0,76.8,25.8,56.4,.457,8.09,23.5,.344,14.4,19.8,.729,7.64,35.9,15.2,4.42,2.70,12.9,13.5
Long Beach State,33,20,13,.606,-0.65,0.35,14,3,11,3,6,7,73.8,73.0,25.5,58.4,.437,6.45,18.6,.346,16.4,22.5,.729,9.85,35.3,12.5,7.03,3.09,13.2,16.4
Long Island University,30,16,14,.533,-7.62,-7.03,12,6,12,1,4,13,74.8,73.5,27.1,63.2,.428,7.93,25.3,.314,12.8,18.8,.680,11.8,39.4,16.9,7.70,4.90,13.6,16.9
Longwood NCAA,33,26,7,.788,-0.35,-6.11,15,1,16,1,7,5,75.7,65.8,26.5,58.5,.452,8.15,21.6,.378,14.7,20.2,.726,11.9,36.9,14.1,7.79,2.39,12.1,15.4
Louisiana,31,16,15,.516,-2.71,-2.91,8,9,7,6,6,8,71.1,69.4,24.7,57.8,.428,7.35,21.3,.346,14.3,20.3,.703,11.9,38.8,12.4,6.81,4.35,15.4,17.9
Louisiana-Monroe,31,13,18,.419,-8.70,-2.59,5,13,8,7,5,10,72.5,74.3,27.1,59.6,.454,7.06,20.9,.338,11.3,15.5,.724,8.90,32.4,15.0,7.19,2.74,12.7,16.8
Louisiana State NCAA,34,22,12,.647,17.45,8.30,9,9,15,2,3,8,72.6,63.4,25.9,59.0,.438,6.47,20.5,.316,14.4,19.7,.731,12.1,37.0,12.7,11.0,4.26,14.7,19.1
Louisiana Tech,34,24,10,.706,5.23,0.11,12,6,13,3,8,5,75.2,68.0,26.8,58.9,.455,8.26,24.3,.340,13.4,18.5,.725,9.26,36.2,13.7,6.50,2.15,11.5,14.6
Louisville,32,13,19,.406,4.23,7.01,6,14,8,8,2,10,67.3,70.1,24.8,58.8,.422,7.69,24.8,.309,9.94,14.8,.674,9.97,36.5,11.9,6.13,2.41,12.2,17.2
Loyola (IL) NCAA,33,25,8,.758,13.39,2.93,13,5,12,2,8,3,72.8,61.5,25.9,54.4,.476,8.88,23.4,.379,12.1,17.0,.712,7.79,33.9,14.9,6.94,2.42,12.2,17.2
Loyola Marymount,29,11,18,.379,-1.93,3.25,3,12,6,7,3,9,69.3,74.1,24.8,54.5,.454,7.24,21.0,.345,12.6,17.4,.719,7.90,29.7,11.1,5.45,1.72,13.3,17.8
Loyola (MD),30,14,16,.467,-8.40,-7.95,8,10,10,3,3,12,66.1,65.7,24.9,56.3,.442,6.90,21.6,.319,9.43,13.8,.684,8.20,32.1,14.9,7.83,2.67,13.0,15.3
Maine,29,6,23,.207,-18.38,-5.34,3,15,5,9,1,14,62.4,71.1,23.6,57.0,.414,6.76,22.0,.308,8.45,11.9,.710,8.83,31.4,13.3,7.17,2.76,12.6,17.4
Manhattan,30,15,15,.500,-7.64,-3.85,8,12,8,5,4,9,70.9,72.6,24.3,55.3,.440,5.63,18.3,.307,16.6,22.5,.735,10.1,33.3,11.5,7.17,3.33,14.5,18.0
Marist,30,14,16,.467,-4.26,-4.86,9,11,7,6,7,9,68.8,68.2,25.4,57.9,.439,7.50,21.8,.344,10.4,14.5,.719,9.13,35.1,8.97,5.83,3.37,12.4,15.6
Marquette NCAA,32,19,13,.594,11.36,8.96,11,8,13,3,4,7,74.0,71.6,26.9,59.8,.450,8.59,25.0,.344,11.6,15.7,.741,7.84,34.8,16.0,7.78,5.16,12.4,17.4
Marshall,33,12,21,.364,-4.57,0.14,4,14,8,9,3,11,74.0,76.5,27.8,63.8,.436,7.58,25.2,.301,10.7,15.2,.705,10.8,37.2,14.3,6.76,4.85,13.1,15.5
Maryland-Baltimore County,32,18,14,.563,-6.06,-6.51,11,7,11,4,6,10,73.7,72.1,25.4,57.3,.444,9.19,24.3,.378,13.7,17.5,.784,7.38,32.8,12.4,4.78,2.06,11.0,13.3
Maryland-Eastern Shore,27,11,16,.407,-13.10,-7.14,6,8,6,4,5,11,65.9,66.4,23.4,57.9,.404,7.74,24.6,.314,11.4,17.7,.644,10.8,34.6,12.4,10.1,2.26,15.4,16.8
Maryland,32,15,17,.469,9.34,9.12,7,13,10,8,3,7,70.9,70.7,24.7,57.0,.433,6.91,21.2,.326,14.7,19.3,.759,9.47,35.2,11.6,6.38,3.19,11.4,15.2
Massachusetts-Lowell,31,15,16,.484,-7.08,-6.65,7,11,8,6,6,9,70.7,65.8,26.8,60.2,.445,5.90,19.3,.306,11.2,15.9,.702,10.5,35.9,11.7,7.32,4.16,12.5,16.0
Massachusetts,32,15,17,.469,-0.67,1.70,7,11,10,5,3,8,75.7,78.1,25.7,59.4,.433,9.50,25.6,.371,14.8,19.5,.758,10.5,33.7,13.7,6.47,2.59,11.6,17.1
McNeese State,33,11,22,.333,-11.76,-5.04,4,10,6,5,2,13,78.2,77.4,28.3,62.8,.451,6.45,20.6,.313,15.2,23.0,.659,13.9,40.5,12.7,7.79,3.52,16.2,20.1
Memphis NCAA,33,22,11,.667,14.67,7.86,13,5,13,2,5,6,75.2,68.3,26.9,57.4,.469,6.21,17.5,.355,15.1,21.7,.694,12.5,38.8,15.8,8.39,5.45,16.0,18.8
Mercer,33,16,17,.485,-3.41,-1.15,8,10,10,4,4,11,70.5,70.5,25.1,54.9,.457,8.12,23.2,.351,12.2,15.8,.770,7.88,32.9,14.3,6.15,2.97,12.4,15.2
Merrimack,30,14,16,.467,-10.86,-6.82,9,8,7,7,7,9,61.4,64.4,22.4,53.3,.421,7.13,21.6,.331,9.43,14.0,.675,7.47,28.5,11.5,9.03,4.00,11.8,15.9
Miami (FL) NCAA,37,26,11,.703,11.22,7.62,14,6,10,5,10,2,73.9,70.4,27.3,57.7,.473,6.95,20.5,.339,12.4,16.6,.742,7.27,30.6,14.1,8.86,3.19,9.51,14.9
Miami (OH),32,14,18,.438,-6.35,-4.14,8,12,9,8,5,9,75.3,73.5,27.2,61.9,.439,9.13,26.4,.346,11.8,14.9,.787,9.84,34.6,13.8,5.53,3.16,10.4,16.0
Michigan State NCAA,36,23,13,.639,13.18,9.96,11,9,12,3,5,6,72.3,69.0,26.1,57.2,.456,7.28,19.3,.378,12.8,17.1,.750,10.1,36.9,15.7,5.69,5.03,12.8,16.9
Michigan NCAA,34,19,15,.559,14.26,11.02,11,9,10,5,5,7,72.6,69.4,26.9,57.6,.467,6.26,18.5,.339,12.6,16.9,.746,9.91,35.7,14.1,4.71,3.29,11.6,15.2
Middle Tennessee,37,26,11,.703,4.50,-1.16,13,5,15,0,5,9,74.9,67.2,26.0,57.8,.450,8.16,24.7,.330,14.7,19.4,.756,10.3,35.3,12.4,7.97,4.22,12.9,18.4
Milwaukee,32,10,22,.313,-13.19,-6.32,8,14,6,10,4,10,64.8,70.8,23.8,56.4,.422,6.22,19.6,.317,10.9,15.3,.717,8.94,35.9,11.4,4.91,3.72,13.2,16.9
Minnesota,30,13,17,.433,5.93,8.13,4,16,8,7,3,9,67.0,69.2,24.8,56.6,.438,7.80,21.2,.368,9.60,13.4,.718,6.00,30.7,12.6,5.33,2.77,9.20,14.1
Mississippi State,34,18,16,.529,11.83,7.60,8,10,14,3,1,10,70.5,66.2,25.3,55.6,.455,4.62,15.6,.295,15.3,21.2,.721,11.3,36.3,13.4,7.91,3.32,13.1,15.7
Mississippi Valley State,28,2,26,.071,-22.15,-6.40,2,16,0,11,2,15,67.2,83.0,23.8,61.5,.386,7.11,23.3,.305,12.6,19.3,.655,9.61,31.7,11.6,7.39,2.46,13.4,18.1
Mississippi,32,13,19,.406,6.72,7.25,4,14,10,8,2,7,68.1,68.7,24.8,57.0,.435,6.94,21.3,.326,11.6,16.3,.711,9.25,33.4,13.2,7.09,2.78,12.2,15.2
Kansas City,31,19,12,.613,-5.49,-5.23,12,6,11,3,8,7,74.5,67.3,27.6,57.7,.478,7.26,19.8,.366,12.1,17.9,.676,6.74,31.2,13.2,7.42,2.77,10.5,20.2
Missouri State,34,23,11,.676,8.29,1.05,13,5,12,4,8,5,77.3,68.9,28.1,58.2,.482,8.32,22.2,.374,12.9,16.1,.797,8.09,35.3,12.1,5.32,3.32,10.6,15.4
Missouri,33,12,21,.364,2.94,9.10,5,13,8,8,2,10,65.5,70.5,23.9,56.2,.426,5.18,18.5,.281,12.4,16.8,.736,10.9,35.0,12.1,6.52,4.06,14.4,17.8
Monmouth,34,21,13,.618,-0.39,-1.68,11,9,9,5,10,7,68.6,67.3,23.6,56.3,.418,6.35,19.2,.331,15.1,20.8,.728,10.4,36.5,11.7,6.26,3.32,11.7,18.1
Montana State NCAA,35,27,8,.771,-0.26,-5.54,16,4,13,1,9,6,76.5,69.3,26.4,55.8,.473,7.66,20.8,.368,16.1,21.4,.754,8.71,35.1,13.2,5.23,3.66,12.9,18.3
Montana,32,18,14,.563,-6.48,-6.21,11,9,14,3,4,10,72.2,66.9,24.8,54.8,.453,7.00,20.0,.349,15.6,19.8,.785,6.25,30.6,13.1,5.50,2.84,10.3,18.7
Morehead State,34,23,11,.676,0.79,-3.43,13,5,12,2,8,8,70.0,63.5,25.5,56.0,.456,8.32,23.1,.360,10.6,15.9,.667,10.3,36.6,16.1,5.85,5.76,13.5,15.0
Morgan State,28,13,15,.464,-12.62,-8.12,7,6,8,3,3,10,75.0,72.3,27.5,63.0,.437,6.14,19.6,.313,13.8,20.4,.677,12.0,36.8,14.8,8.46,3.43,15.4,19.7
Mount St. Mary's,30,14,16,.467,-8.20,-7.20,9,7,8,5,6,11,66.1,65.3,25.0,56.4,.443,5.93,17.2,.345,10.2,14.8,.688,10.7,35.0,13.3,5.70,4.03,12.9,15.7
Murray State NCAA,34,31,3,.912,9.87,-3.07,18,0,15,0,11,1,79.1,63.2,28.8,60.5,.476,8.00,22.8,.351,13.6,19.6,.692,12.5,39.1,14.7,7.82,3.18,11.4,15.4
Navy,32,21,11,.656,-2.94,-6.36,12,6,9,6,11,5,65.0,60.1,24.1,56.0,.430,5.75,17.7,.326,11.1,16.9,.655,11.8,37.3,12.3,7.06,3.34,12.9,16.0
Omaha,30,5,25,.167,-16.99,-2.27,4,14,5,9,0,15,69.6,83.5,25.2,58.4,.431,7.07,19.9,.355,12.2,16.7,.731,8.73,32.8,10.9,4.80,2.57,13.7,19.2
Nebraska,32,10,22,.313,3.00,8.25,4,16,7,12,3,8,73.3,78.5,26.0,58.6,.444,7.00,21.9,.320,14.3,19.5,.731,7.31,33.1,12.8,7.19,2.72,12.6,17.4
Nevada-Las Vegas,32,18,14,.563,7.20,4.58,10,8,14,4,4,7,69.9,65.6,24.4,57.6,.425,8.22,24.5,.336,12.8,17.3,.738,9.63,36.1,13.8,6.13,2.81,11.2,17.8
Nevada,31,13,18,.419,3.71,6.07,6,12,7,7,3,9,72.5,73.7,25.9,57.6,.449,6.97,20.9,.333,13.8,18.5,.749,8.29,34.7,14.6,6.39,3.32,13.2,17.6
New Hampshire,28,15,13,.536,-6.32,-7.21,10,8,10,4,5,9,68.8,65.0,25.2,57.3,.440,8.64,23.6,.366,9.68,14.5,.669,9.96,35.9,12.1,4.64,2.86,9.07,13.4
New Mexico State NCAA,34,27,7,.794,7.11,1.24,13,4,13,2,9,3,72.5,64.6,25.6,56.3,.454,7.88,23.9,.330,13.5,19.2,.702,10.9,38.2,13.7,5.00,4.06,14.1,15.9
New Mexico,32,13,19,.406,1.25,4.32,5,12,11,7,2,9,74.3,75.3,26.1,60.0,.434,7.78,22.6,.344,14.3,19.1,.750,8.66,34.0,11.8,6.25,4.34,11.7,18.3
New Orleans,32,18,14,.563,-7.88,-7.16,10,4,12,2,3,10,77.2,74.5,27.8,59.7,.466,4.13,13.4,.308,17.4,23.8,.731,9.47,36.6,13.0,7.94,2.75,14.3,18.8
Niagara,30,14,16,.467,-3.09,-2.98,9,11,7,4,5,10,67.4,65.5,24.6,55.9,.439,6.97,20.2,.345,11.3,15.5,.731,7.63,32.4,12.2,5.63,2.67,10.9,15.2
Nicholls State,33,21,12,.636,-3.62,-5.90,11,3,11,1,7,8,78.5,71.3,30.8,65.8,.469,8.15,24.9,.327,8.64,13.8,.625,11.8,38.3,13.6,8.27,3.94,12.3,18.2
NJIT,29,11,18,.379,-14.63,-6.17,6,12,6,8,5,10,63.0,70.0,22.6,55.3,.409,6.41,19.6,.327,11.3,17.2,.659,8.28,34.3,10.1,6.07,3.66,12.8,15.8
Norfolk State NCAA,31,24,7,.774,-3.91,-9.30,12,2,11,0,7,6,74.3,64.4,26.3,57.0,.461,6.97,20.3,.343,14.8,21.1,.699,10.3,38.5,12.5,6.68,3.58,14.0,17.6
North Alabama,30,9,21,.300,-11.33,-3.21,2,14,6,7,3,12,69.4,68.5,25.1,63.4,.395,8.27,26.2,.316,11.0,14.6,.753,10.9,36.1,10.1,6.83,3.47,11.9,18.6
UNC Asheville,32,17,15,.531,-4.52,-5.28,8,8,9,6,6,7,75.3,68.8,26.0,56.8,.457,8.22,22.6,.363,15.2,20.9,.726,9.31,33.9,12.7,6.50,4.91,12.3,15.8
North Carolina A&T,32,12,20,.375,-9.91,-4.46,6,10,7,4,3,13,67.7,70.3,25.2,59.3,.424,6.31,20.2,.312,11.0,16.9,.654,11.1,35.5,12.3,7.78,3.22,12.7,19.1
North Carolina Central,31,16,15,.516,-11.39,-7.47,8,5,9,2,5,11,72.8,68.4,26.1,58.1,.449,6.48,19.5,.332,14.1,21.1,.668,11.7,36.1,12.4,8.74,2.16,15.7,20.4
UNC Greensboro,32,17,15,.531,-2.47,-1.99,9,9,9,5,7,6,65.1,65.0,23.4,54.4,.431,7.31,21.4,.342,10.9,15.1,.721,10.9,35.0,12.1,6.41,1.59,13.0,15.3
NC State,32,11,21,.344,3.77,6.37,4,16,7,10,3,7,73.0,75.6,25.8,62.4,.413,8.34,24.5,.341,13.2,18.2,.725,11.8,34.8,11.3,7.03,3.69,10.0,16.5
UNC Wilmington,36,27,9,.750,-0.66,-2.84,15,3,12,2,9,5,72.1,69.0,25.1,59.2,.424,7.14,21.4,.333,14.8,19.9,.743,10.2,33.5,10.6,7.61,4.03,10.0,18.0
North Carolina NCAA,39,29,10,.744,15.50,8.89,15,5,15,2,8,3,77.9,71.3,27.6,61.8,.447,8.41,23.5,.358,14.3,18.7,.764,11.5,41.3,14.9,5.18,3.92,11.7,14.5
North Dakota State,33,23,10,.697,-1.60,-4.66,13,5,12,3,9,6,74.8,68.7,26.3,56.9,.462,7.61,21.2,.358,14.7,19.3,.761,8.33,37.4,11.1,3.91,3.45,11.6,15.6
North Dakota,31,6,25,.194,-16.57,-5.26,2,16,4,11,1,13,70.3,78.8,23.8,58.9,.405,8.97,26.0,.345,13.6,18.5,.734,10.0,35.5,12.0,4.00,1.87,12.0,17.4
North Florida,31,11,20,.355,-8.35,0.08,7,9,7,5,4,15,68.5,71.2,23.4,56.2,.416,9.55,28.2,.339,12.2,16.8,.727,9.10,33.8,12.7,5.55,4.81,14.6,15.7
North Texas,32,25,7,.781,8.98,1.28,16,2,13,3,9,1,65.1,55.7,22.6,51.0,.442,7.72,21.6,.357,12.3,18.8,.650,10.4,34.1,11.0,6.53,2.78,11.4,15.8
Northeastern,31,9,22,.290,-6.00,-1.19,2,16,6,8,0,12,64.3,69.1,22.9,52.4,.437,6.77,21.2,.320,11.8,16.0,.734,8.06,32.0,11.4,4.71,2.74,14.0,15.2
Northern Arizona,32,9,23,.281,-13.50,-4.10,5,15,5,11,3,11,67.5,73.3,24.1,57.7,.417,8.66,24.2,.358,10.8,16.2,.664,10.4,36.7,12.6,4.50,2.50,13.5,18.3
Northern Colorado,38,22,16,.579,-4.53,-3.67,13,7,9,4,8,9,77.9,76.9,27.6,58.1,.475,10.2,26.8,.381,12.5,17.6,.709,7.58,34.3,12.3,3.97,2.89,12.4,17.2
Northern Illinois,30,9,21,.300,-10.50,-3.07,6,14,3,8,6,11,64.1,71.5,23.0,54.9,.419,5.83,18.4,.317,12.3,18.2,.675,8.47,32.3,11.2,6.27,2.73,13.7,20.4
Northern Iowa,32,20,12,.625,5.79,3.43,14,4,10,4,9,5,74.5,71.0,25.7,56.0,.459,8.69,24.4,.355,14.3,18.2,.789,6.75,32.6,11.8,5.75,1.41,11.1,13.9
Northern Kentucky,32,20,12,.625,-3.19,-6.19,14,6,12,4,7,7,69.9,65.1,25.2,58.7,.429,8.75,25.3,.345,10.8,15.2,.714,12.4,35.5,13.8,9.06,2.50,13.2,15.3
Northwestern State,32,9,23,.281,-14.06,-3.20,5,9,6,6,2,14,73.8,80.4,28.0,62.9,.445,7.28,21.3,.342,10.6,15.3,.694,11.0,35.8,15.0,6.34,3.50,13.9,16.9
Northwestern,31,15,16,.484,8.91,7.11,7,13,10,6,3,8,73.0,69.9,26.6,62.2,.427,8.35,24.1,.347,11.5,15.9,.719,9.52,35.5,15.8,6.48,3.48,9.77,17.6
Notre Dame NCAA,35,24,11,.686,11.87,7.01,15,5,14,1,7,5,72.6,67.1,26.1,56.4,.463,9.09,23.8,.381,11.3,15.0,.753,7.17,34.0,14.0,5.20,1.86,10.4,12.7
Oakland,32,20,12,.625,-1.52,-4.06,12,7,10,3,7,8,74.4,68.6,25.8,58.6,.439,7.34,24.3,.302,15.6,19.6,.794,10.8,34.5,13.4,9.03,2.41,12.3,13.7
Ohio State NCAA,32,20,12,.625,14.17,9.08,12,8,13,3,5,6,72.8,67.7,25.6,54.4,.471,7.84,21.5,.365,13.8,18.2,.757,9.00,34.6,12.5,4.50,4.75,11.2,16.4
Ohio,35,25,10,.714,1.50,-4.17,14,6,15,2,8,6,74.0,67.9,25.7,59.5,.431,9.03,26.9,.335,13.7,18.8,.729,10.0,34.1,12.6,7.51,2.60,10.5,14.4
Oklahoma State,30,15,15,.500,13.28,10.58,8,10,10,6,3,8,68.4,65.7,25.1,57.9,.434,5.37,18.2,.295,12.7,19.1,.667,11.6,37.1,12.7,8.53,5.43,15.1,17.4
Oklahoma,35,19,16,.543,14.12,10.10,7,11,12,6,3,8,69.1,65.0,25.3,53.1,.476,7.60,21.9,.347,10.9,14.6,.747,7.66,31.8,14.0,7.37,1.89,14.7,15.5
Old Dominion,32,13,19,.406,-1.32,-0.09,8,10,10,4,3,11,66.5,67.0,24.6,56.6,.434,4.41,15.0,.294,12.9,19.3,.672,11.4,37.3,12.3,6.41,3.28,11.9,15.9
Oral Roberts,31,19,12,.613,-0.84,-4.49,12,6,10,5,8,6,83.3,74.4,30.2,66.2,.457,11.6,30.6,.380,11.2,15.4,.730,10.7,40.2,11.7,5.52,4.19,9.90,15.4
Oregon State,31,3,28,.097,-1.44,8.40,1,19,3,13,0,12,68.3,78.1,25.6,57.9,.443,5.68,17.8,.319,11.3,16.0,.709,9.03,30.8,12.1,5.97,3.03,12.5,17.5
Oregon,35,20,15,.571,10.05,8.05,11,9,12,5,6,6,72.3,69.7,26.7,59.3,.451,7.11,21.4,.333,11.7,17.3,.679,10.5,35.1,12.2,6.80,3.49,11.7,16.6
Pacific,30,8,22,.267,-8.02,0.41,3,11,7,7,0,13,65.9,72.7,23.7,57.0,.415,6.07,19.1,.318,12.5,18.2,.686,8.07,32.8,11.4,6.40,2.57,12.3,16.5
Penn State,31,14,17,.452,8.72,9.10,7,13,10,5,1,10,64.6,65.0,23.9,55.2,.432,8.03,23.5,.342,8.84,12.0,.735,9.26,35.3,11.9,5.29,2.16,11.8,15.4
Pennsylvania,28,12,16,.429,-3.93,-0.50,9,5,6,3,5,10,72.0,75.5,26.7,59.9,.446,8.07,24.1,.335,10.5,14.5,.728,8.82,34.5,12.6,5.50,2.25,11.8,17.3
Pepperdine,32,7,25,.219,-7.04,3.42,1,15,7,9,0,13,68.2,77.5,25.3,60.5,.418,7.25,21.3,.340,10.3,14.4,.718,9.88,34.5,14.8,5.66,2.34,14.7,17.9
Pittsburgh,32,11,21,.344,0.45,6.98,6,14,8,11,3,9,61.5,68.1,21.1,50.9,.414,5.38,17.1,.314,14.0,20.1,.696,9.91,33.8,11.0,5.38,3.84,13.6,15.3
Portland State,31,14,17,.452,-7.70,-5.67,10,10,7,7,5,9,73.5,72.2,26.5,61.5,.430,6.16,20.6,.298,14.5,19.5,.742,10.3,33.9,11.4,9.32,3.29,12.4,19.8
Portland,34,19,15,.559,-1.71,-1.11,7,7,11,4,6,9,74.2,72.2,25.2,57.7,.437,7.76,22.2,.350,16.0,20.2,.791,8.24,36.2,14.3,5.06,2.53,13.2,16.4
Prairie View,27,8,19,.296,-10.47,-3.66,8,8,5,4,3,13,69.5,76.3,24.0,56.1,.428,6.33,18.3,.345,15.2,21.6,.703,11.0,35.0,11.4,8.48,3.07,17.4,21.2
Presbyterian,32,12,20,.375,-8.47,-3.65,4,12,7,7,3,12,67.8,67.9,24.8,58.8,.422,5.72,21.2,.270,12.5,18.5,.674,12.2,35.6,12.6,7.91,2.72,13.6,19.1
Princeton,30,23,7,.767,2.65,-3.95,12,2,13,1,8,4,79.8,70.1,30.3,62.2,.488,10.9,28.2,.387,8.27,12.9,.639,8.93,35.5,15.5,6.20,1.80,10.2,14.0
Providence NCAA,33,27,6,.818,13.08,7.75,14,3,16,1,7,2,71.5,66.2,24.5,56.3,.435,7.36,21.4,.344,15.2,20.8,.728,10.5,37.6,13.2,5.03,3.67,11.4,16.0
Purdue NCAA,37,29,8,.784,19.15,8.23,14,6,16,1,5,5,79.4,68.4,27.7,56.6,.490,8.51,22.2,.384,15.4,21.6,.711,11.1,38.7,16.2,4.65,3.46,11.8,14.5
Quinnipiac,31,14,17,.452,-5.56,-4.20,7,13,8,7,4,9,71.8,71.5,25.5,59.0,.431,8.90,25.8,.345,12.0,15.7,.765,9.87,35.4,14.4,6.35,2.13,13.0,16.7
Radford,29,11,18,.379,-9.23,-3.90,7,9,8,4,3,12,63.2,67.4,23.0,55.4,.414,6.93,22.6,.307,10.3,15.4,.669,10.1,33.3,10.9,6.62,1.52,13.8,17.9
Rhode Island,31,15,16,.484,2.92,1.22,5,12,10,5,3,9,67.1,65.0,24.8,54.4,.456,5.35,15.9,.337,12.2,19.6,.620,9.65,36.3,13.5,7.39,6.00,14.3,17.2
Rice,33,16,17,.485,-2.74,-1.19,7,11,10,5,4,8,74.1,73.4,26.3,57.3,.459,9.00,24.3,.370,12.5,17.5,.715,8.85,35.6,15.5,5.12,1.82,12.5,13.9
Richmond NCAA,37,24,13,.649,7.07,4.48,10,8,11,4,7,5,71.0,68.4,25.2,57.1,.442,7.84,23.8,.329,12.7,17.7,.718,7.57,32.3,14.5,7.59,2.35,9.76,13.9
Rider,33,14,19,.424,-5.87,-3.56,8,12,7,6,4,11,67.8,69.3,25.0,60.5,.414,5.58,17.3,.322,12.2,16.5,.736,10.9,37.1,12.7,6.85,2.45,11.8,17.1
Robert Morris,32,8,24,.250,-12.50,-5.47,5,16,4,10,4,14,69.4,74.7,25.7,55.5,.463,6.00,17.7,.339,11.9,15.7,.759,8.94,32.6,12.7,6.00,3.81,14.3,15.5
Rutgers NCAA,32,18,14,.563,8.78,6.81,12,8,14,3,4,9,68.5,66.5,25.8,58.0,.445,6.22,18.3,.339,10.7,15.2,.700,10.2,35.7,15.2,7.03,4.00,11.5,15.8
Sacramento State,29,11,18,.379,-12.06,-5.36,6,14,5,8,4,9,65.4,70.2,24.0,55.7,.431,6.76,18.8,.359,10.7,15.8,.678,7.76,31.1,11.0,5.97,2.83,11.1,17.2
Sacred Heart,30,10,20,.333,-13.41,-8.79,6,10,6,7,4,13,72.7,75.1,26.9,60.4,.445,8.07,23.5,.343,10.8,14.9,.725,11.2,36.2,14.5,5.47,2.20,13.9,15.6
Saint Francis (PA),30,9,21,.300,-14.57,-7.91,5,13,4,8,5,13,68.6,73.5,25.5,60.3,.423,5.90,18.7,.315,11.8,18.2,.648,11.9,36.6,13.0,6.57,2.77,12.6,14.7
Saint Joseph's,30,11,19,.367,1.00,2.46,5,13,9,7,1,10,67.6,69.1,24.9,59.1,.421,8.93,26.6,.336,8.87,13.6,.654,9.73,37.6,13.5,4.93,2.47,13.5,16.1
Saint Louis,35,23,12,.657,9.83,3.45,12,6,14,5,5,6,76.2,67.9,27.4,59.7,.458,6.74,18.3,.369,14.7,19.3,.763,11.9,38.6,14.8,6.43,3.11,12.9,17.9
Saint Mary's (CA) NCAA,34,26,8,.765,14.82,6.58,12,3,16,0,6,4,69.7,60.6,26.1,56.3,.464,7.24,20.5,.353,10.2,13.5,.758,8.62,33.7,13.5,6.91,2.53,11.2,15.6
Saint Peter's NCAA,34,22,12,.647,2.96,-0.47,14,6,9,4,7,7,67.0,62.5,23.4,54.9,.427,5.82,16.6,.350,14.3,20.4,.701,10.8,35.8,12.3,7.06,5.00,13.4,19.7
Sam Houston State,33,19,14,.576,0.07,-1.16,13,5,11,2,5,8,68.8,63.1,25.6,60.1,.426,8.70,25.4,.343,8.88,14.7,.605,10.5,37.4,14.1,7.61,2.45,12.6,18.0
Samford,32,21,11,.656,-3.01,-1.76,10,8,13,2,5,8,74.7,73.8,26.8,60.0,.446,8.78,26.1,.336,12.4,17.0,.730,10.6,35.6,12.8,7.44,2.94,13.8,17.6
San Diego State NCAA,32,23,9,.719,13.13,5.85,13,4,14,1,5,5,65.4,58.1,23.8,55.0,.432,6.00,16.9,.354,11.8,17.1,.692,9.84,35.0,11.9,7.47,4.75,12.8,17.5
San Diego,31,15,16,.484,-3.32,1.48,7,9,8,6,5,8,65.8,67.3,24.8,58.0,.428,5.48,16.4,.335,10.7,14.9,.715,9.58,35.9,9.94,5.06,3.68,12.5,15.9
San Francisco NCAA,34,24,10,.706,14.12,5.24,10,6,14,4,7,2,77.4,67.8,27.8,60.7,.457,9.62,27.5,.350,12.2,17.6,.694,10.6,37.9,13.0,7.68,4.65,12.8,18.1
San Jose State,31,8,23,.258,-7.01,3.79,1,17,7,9,1,13,64.3,72.3,23.7,55.4,.427,8.81,25.0,.352,8.13,12.4,.658,7.61,31.1,13.0,5.23,3.16,13.2,16.3
Santa Clara,33,21,12,.636,8.98,3.61,10,5,14,4,5,6,77.3,71.9,28.8,59.4,.484,7.21,19.1,.378,12.5,16.4,.762,7.45,35.5,15.1,5.97,3.76,11.5,15.0
Seattle,32,23,9,.719,1.96,-4.10,14,4,17,2,6,6,74.8,66.6,25.9,62.2,.417,9.66,28.4,.340,13.3,17.4,.766,9.97,37.6,13.6,6.91,3.63,11.6,20.5
Seton Hall NCAA,32,21,11,.656,12.75,8.52,11,8,13,3,6,5,71.9,66.4,25.3,60.2,.420,7.31,21.6,.338,14.1,18.8,.753,12.1,38.5,10.3,7.06,5.41,12.1,15.6
Siena,29,15,14,.517,-6.40,-3.50,12,8,8,5,7,8,66.3,69.2,23.8,55.9,.426,6.76,19.0,.356,11.9,16.2,.733,8.28,32.9,10.0,6.21,4.00,12.6,16.0
South Alabama,33,21,12,.636,0.23,-3.59,9,7,15,3,4,8,71.6,64.0,26.2,56.9,.460,6.79,20.2,.337,12.5,18.0,.692,9.70,34.5,11.9,6.97,4.88,12.6,16.4
South Carolina State,31,15,16,.484,-13.04,-8.39,7,7,8,5,5,8,71.8,72.5,25.7,65.5,.393,6.35,21.2,.300,14.1,20.4,.689,15.2,41.8,12.2,6.65,3.58,14.8,19.8
South Carolina Upstate,32,15,17,.469,-9.01,-4.11,10,6,6,7,8,9,71.5,73.2,25.5,57.0,.447,8.03,22.0,.365,12.5,16.5,.756,7.59,32.5,13.7,6.34,3.31,12.7,19.1
South Carolina,31,18,13,.581,7.14,8.37,9,9,12,4,4,7,71.0,70.3,26.2,61.7,.424,6.81,21.5,.316,11.8,17.6,.671,12.9,38.3,14.0,7.84,5.06,15.2,19.4
South Dakota State NCAA,35,30,5,.857,6.60,-3.77,18,0,14,0,10,3,85.9,73.2,30.8,59.1,.521,9.31,20.9,.445,14.9,19.7,.758,7.37,35.5,15.1,6.09,2.54,11.0,15.3
South Dakota,31,19,12,.613,-4.43,-5.61,11,7,11,4,6,7,75.1,70.9,26.7,57.4,.466,7.13,19.1,.374,14.5,19.4,.750,8.77,34.4,11.9,4.42,2.29,9.97,17.6
South Florida,31,8,23,.258,-3.05,4.40,3,15,6,10,2,9,57.5,64.9,21.6,57.7,.374,4.45,17.6,.252,9.77,14.7,.666,11.3,35.9,10.9,6.23,3.74,12.5,17.1
Southeast Missouri State,32,14,18,.438,-7.19,-4.69,8,9,8,5,5,10,75.6,77.3,25.6,58.5,.437,8.78,25.5,.344,15.7,21.4,.732,9.06,33.3,13.9,6.47,2.66,13.1,20.3
Southeastern Louisiana,34,19,15,.559,-9.03,-5.77,10,4,10,1,5,11,78.8,77.7,26.8,58.3,.460,8.88,24.9,.357,16.3,21.5,.758,9.24,32.9,15.3,7.94,3.88,14.3,16.0
Southern California NCAA,34,26,8,.765,12.50,6.09,14,6,13,3,9,3,72.4,66.0,26.8,58.9,.455,6.76,18.9,.357,12.1,18.2,.664,11.7,40.1,14.3,5.00,4.44,12.2,15.6
SIU Edwardsville,32,11,21,.344,-10.37,-4.71,5,13,8,5,3,13,67.5,69.9,24.1,57.8,.418,5.88,20.2,.291,13.4,19.4,.691,12.8,37.4,12.3,7.13,3.81,15.1,18.3
Southern Illinois,31,16,15,.516,2.83,0.73,9,9,11,4,4,8,64.0,61.4,23.0,51.6,.446,7.71,21.8,.354,10.3,15.0,.690,7.03,30.4,12.0,5.48,2.10,11.4,15.3
Southern Methodist,33,24,9,.727,11.14,4.44,13,4,17,1,6,5,73.8,67.1,25.1,56.9,.440,8.48,24.0,.354,15.2,20.3,.750,9.48,37.8,13.8,6.27,4.30,12.3,15.2
Southern Mississippi,33,7,26,.212,-13.58,-0.38,1,17,3,11,1,14,64.4,74.9,24.3,56.5,.429,5.36,17.1,.313,10.5,15.3,.688,8.21,33.5,12.3,5.00,2.76,13.3,16.0
Southern Utah,35,23,12,.657,-1.51,-4.57,14,6,13,3,8,8,77.7,72.5,27.5,59.7,.461,8.34,24.3,.343,14.4,20.2,.714,10.1,37.6,12.1,6.06,2.49,12.7,17.0
Southern,31,17,14,.548,-5.17,-6.90,11,6,9,2,8,11,71.9,67.9,25.5,57.9,.440,6.87,19.5,.353,14.0,20.1,.696,9.55,31.5,13.4,10.5,2.58,14.5,20.5
St. Bonaventure,33,23,10,.697,8.27,4.79,12,5,13,2,7,4,70.0,66.5,26.3,58.1,.453,6.06,18.3,.331,11.3,15.1,.751,8.97,33.6,13.7,6.33,4.76,10.3,13.3
St. Francis (NY),30,10,20,.333,-13.49,-7.93,7,11,3,9,7,9,67.2,70.5,24.9,60.8,.409,7.00,22.3,.314,10.5,14.8,.711,11.3,35.3,11.9,6.67,2.60,12.4,16.6
St. John's (NY),32,17,15,.531,11.95,6.51,8,11,12,7,4,7,79.6,74.2,30.3,66.8,.453,7.25,21.6,.335,11.8,17.4,.677,12.0,37.8,18.8,8.84,5.47,11.9,17.9
St. Thomas (MN),30,10,20,.333,-11.15,-5.59,4,14,5,8,3,12,74.7,75.3,26.7,60.5,.441,11.1,31.2,.357,10.2,13.5,.758,6.20,29.6,12.6,5.17,1.27,8.10,17.0
Stanford,32,16,16,.500,6.27,8.59,8,12,10,5,3,9,66.4,68.7,24.1,55.6,.433,7.28,21.5,.339,11.0,16.7,.659,11.5,36.9,13.1,5.56,2.59,15.0,17.4
Stephen F. Austin,32,22,10,.688,2.43,-1.60,14,4,13,3,7,4,74.5,68.4,27.4,57.8,.474,5.91,17.9,.330,13.8,20.4,.678,11.6,35.2,15.0,9.06,4.06,16.4,19.7
Stetson,30,11,19,.367,-10.34,-4.07,5,11,7,8,4,11,69.7,71.5,25.5,59.3,.430,8.50,24.3,.350,10.2,14.7,.690,10.5,35.6,14.3,7.03,2.93,13.0,14.8
Stony Brook,31,18,13,.581,-6.63,-5.43,10,8,13,4,5,9,72.9,73.1,26.3,60.0,.438,8.19,24.2,.339,12.2,16.2,.752,9.65,34.8,11.2,6.71,2.90,10.6,14.3
Syracuse,33,16,17,.485,10.12,7.82,9,11,11,5,3,8,77.4,75.1,27.7,61.5,.451,9.09,24.1,.377,12.8,17.4,.737,10.6,36.3,14.6,7.00,3.76,10.7,14.2
Tarleton State,31,14,17,.452,-3.18,-0.50,9,9,10,5,4,12,64.6,65.3,22.7,54.3,.419,5.03,16.5,.305,14.1,18.6,.754,9.42,30.5,11.3,7.65,2.19,12.2,18.1
Temple,29,17,12,.586,4.61,4.30,10,7,11,3,5,6,66.8,66.4,22.4,56.7,.395,6.72,21.7,.311,15.3,22.5,.679,12.3,38.8,11.8,6.76,4.66,12.6,18.4
Tennessee-Martin,30,8,22,.267,-11.13,-3.02,4,14,5,8,2,13,68.9,73.5,25.4,61.2,.415,6.83,22.8,.299,11.3,16.1,.700,11.7,36.9,11.8,6.60,4.37,13.3,18.1
Tennessee State,32,14,18,.438,-9.34,-7.31,8,10,8,5,5,11,71.3,70.2,25.8,57.9,.445,6.59,18.8,.350,13.2,18.4,.715,10.4,35.0,12.3,6.75,3.34,13.9,19.1
Tennessee Tech,32,11,21,.344,-7.27,-3.03,7,10,7,7,3,12,72.8,73.7,28.0,62.4,.449,7.00,20.5,.342,9.69,14.7,.661,11.6,37.1,16.0,7.25,3.72,13.3,14.5
Tennessee NCAA,35,27,8,.771,20.46,9.94,14,4,16,0,6,5,73.5,62.9,26.1,60.2,.434,8.71,24.2,.360,12.5,17.4,.715,11.7,36.9,16.5,9.31,4.29,12.3,16.9
Texas A&M-Corpus Christi NCAA,35,23,12,.657,-6.78,-9.10,7,7,9,4,7,6,76.6,70.1,26.9,60.9,.443,6.40,19.0,.336,16.3,22.2,.737,12.8,38.3,15.1,8.51,1.77,14.1,20.3
Texas A&M,40,27,13,.675,12.93,7.42,9,9,16,4,5,5,72.7,66.1,25.9,58.4,.443,6.50,20.0,.325,14.5,20.6,.703,12.1,35.5,13.5,9.95,3.40,13.1,17.5
UT Arlington,29,11,18,.379,-5.49,-0.94,7,10,8,4,3,13,67.2,68.7,24.5,58.5,.419,6.34,20.2,.313,11.8,16.8,.701,11.6,36.8,14.0,7.83,4.24,14.0,17.9
TCU NCAA,34,21,13,.618,13.72,10.16,8,10,12,4,4,6,68.5,64.9,25.4,57.7,.439,5.53,18.3,.302,12.2,18.1,.674,13.0,39.0,13.6,6.44,4.15,14.5,15.5
UTEP,34,20,14,.588,0.27,-0.48,11,7,12,6,7,6,69.2,66.6,24.7,57.4,.431,7.62,21.8,.350,12.1,15.9,.763,8.09,32.1,12.1,7.44,3.56,11.6,18.1
Texas-Rio Grande Valley,31,8,23,.258,-10.18,-1.28,3,15,4,9,3,12,71.4,78.6,24.5,55.5,.441,6.32,20.8,.304,16.1,23.1,.695,8.74,34.5,12.2,5.23,3.19,15.4,20.0
UTSA,32,10,22,.313,-10.46,-1.49,3,15,8,10,1,11,67.3,72.3,24.8,62.8,.396,6.25,21.3,.294,11.3,16.6,.682,12.7,38.3,11.4,5.72,2.53,12.7,16.4
Texas Southern NCAA,32,19,13,.594,-3.30,-6.24,13,5,7,2,8,10,69.0,66.1,25.1,57.9,.433,5.63,17.9,.314,13.2,19.5,.679,11.8,39.4,10.7,5.56,5.16,14.9,17.7
Texas State,29,21,8,.724,0.14,-2.86,12,3,12,1,7,6,70.4,63.2,25.5,55.1,.462,6.31,16.9,.374,13.2,17.5,.752,10.1,33.6,12.2,6.48,3.55,12.3,17.1
Texas Tech NCAA,37,27,10,.730,20.08,8.65,12,6,18,0,3,7,72.1,60.6,26.2,55.5,.472,6.08,18.9,.321,13.6,19.5,.698,10.6,36.4,13.7,8.00,3.51,13.5,16.2
Texas NCAA,34,22,12,.647,17.01,8.87,10,8,16,3,4,7,68.8,60.6,24.5,55.5,.441,6.62,20.0,.330,13.2,17.7,.746,10.4,33.3,13.2,7.68,3.38,11.6,17.9
Toledo,34,26,8,.765,6.26,-3.22,17,3,13,2,9,5,79.9,68.6,29.9,62.4,.479,6.91,19.5,.354,13.2,17.5,.754,10.6,39.9,15.3,5.53,2.76,10.2,15.1
Towson,34,25,9,.735,6.47,-2.15,15,3,12,2,11,5,72.9,64.3,25.6,57.1,.448,7.79,21.9,.357,13.9,19.4,.719,11.7,36.5,13.5,7.26,2.71,11.9,17.4
Troy,32,20,12,.625,-3.56,-3.52,10,6,10,3,8,6,69.2,65.6,24.1,56.6,.425,7.50,22.9,.327,13.6,18.7,.727,11.2,37.1,13.8,7.88,2.22,15.3,17.6
Tulane,29,14,15,.483,6.74,5.33,10,8,9,4,3,8,73.1,71.7,25.3,57.3,.442,8.07,22.1,.365,14.4,19.1,.756,6.72,31.6,13.5,7.93,3.28,10.5,16.1
Tulsa,31,11,20,.355,1.56,4.07,4,14,8,8,1,10,67.4,69.9,24.0,55.4,.434,6.84,20.0,.342,12.5,17.2,.726,8.97,32.6,11.8,6.84,2.23,12.8,16.0
UCLA NCAA,35,27,8,.771,19.30,8.36,15,5,14,1,8,4,75.4,64.5,27.6,61.4,.450,6.77,19.2,.353,13.4,18.1,.741,11.3,36.6,13.9,6.97,3.31,8.94,15.8
Utah State,34,18,16,.529,10.41,4.53,8,10,9,7,4,7,73.4,66.9,27.0,56.6,.476,7.79,22.8,.342,11.7,16.2,.721,8.41,35.4,18.0,6.15,2.12,12.5,16.5
Utah Valley,32,20,12,.625,2.37,-1.60,10,8,11,2,6,9,71.2,65.1,24.9,54.9,.454,6.38,17.2,.370,15.0,21.0,.714,10.9,40.5,14.8,5.47,4.47,15.5,16.8
Utah,31,11,20,.355,5.45,6.61,4,16,7,9,2,9,69.7,70.9,24.3,58.0,.419,7.65,22.8,.335,13.5,17.4,.774,10.5,36.3,13.5,4.58,2.90,12.3,16.5
Valparaiso,32,14,18,.438,-1.61,0.83,6,12,8,8,3,8,70.8,70.5,26.1,56.9,.459,7.19,21.6,.332,11.3,14.9,.759,5.44,32.3,12.5,6.38,2.97,11.1,13.5
Vanderbilt,36,19,17,.528,11.00,8.05,7,11,11,8,5,8,70.8,67.8,23.6,55.6,.424,8.61,25.4,.340,15.0,21.5,.697,9.64,34.3,11.8,7.25,3.39,13.1,18.1
Vermont NCAA,34,28,6,.824,7.81,-5.70,17,1,16,0,10,4,74.8,60.7,27.5,55.9,.492,8.76,24.0,.365,11.0,14.8,.742,7.29,35.0,15.1,5.09,2.47,9.59,14.0
Villanova NCAA,38,30,8,.789,19.31,10.29,16,4,12,1,8,5,71.7,62.7,24.3,56.1,.432,9.34,26.0,.359,13.9,16.7,.830,10.3,34.8,11.9,6.03,2.18,9.89,14.9
Virginia Commonwealth,32,22,10,.688,9.83,5.17,14,4,12,4,9,3,67.1,62.4,24.8,53.8,.461,5.66,16.3,.347,11.7,16.7,.704,8.38,32.5,13.9,9.19,5.06,15.1,18.7
VMI,32,16,16,.500,-2.47,-2.05,9,9,9,4,6,9,79.0,74.2,27.4,59.6,.459,12.5,32.8,.381,11.8,14.9,.792,8.25,36.3,16.0,4.81,2.72,11.6,14.9
Virginia Tech NCAA,36,23,13,.639,14.48,6.48,11,9,11,4,7,6,70.8,62.8,25.9,55.0,.471,8.86,22.6,.392,10.1,13.5,.751,8.47,32.0,14.3,5.33,3.17,10.9,14.9
Virginia,35,21,14,.600,8.88,6.60,12,8,11,7,7,6,62.4,60.1,23.3,52.0,.449,5.03,15.6,.323,10.7,14.6,.730,8.57,31.3,14.1,5.71,4.26,9.69,13.7
Wagner,27,21,6,.778,-1.12,-9.01,13,3,12,1,9,5,74.4,64.7,27.7,59.7,.463,5.11,17.9,.285,14.0,19.3,.726,11.8,37.3,14.6,8.37,2.81,12.5,19.8
Wake Forest,35,25,10,.714,13.24,4.75,13,7,18,2,5,6,78.5,70.1,27.9,57.9,.483,8.46,24.6,.344,14.2,19.5,.730,8.71,36.8,15.1,6.49,3.89,13.9,16.0
Washington State,37,22,15,.595,12.57,5.97,11,9,13,7,8,5,71.5,64.9,24.5,60.5,.406,8.95,26.7,.335,13.4,18.1,.744,12.5,37.2,11.2,6.41,4.46,11.2,17.4
Washington,32,17,15,.531,5.03,6.72,11,9,11,6,3,7,70.6,72.3,24.9,60.3,.413,6.19,19.8,.312,14.7,20.9,.701,11.0,33.4,10.2,8.28,4.13,11.9,16.6
Weber State,33,21,12,.636,-1.73,-5.21,13,7,9,6,8,5,76.2,70.3,26.6,56.0,.475,7.15,21.1,.339,15.8,21.1,.749,6.58,32.1,10.6,7.67,2.52,11.6,15.4
West Virginia,33,16,17,.485,10.23,10.74,4,14,12,5,1,10,68.5,69.0,23.6,57.1,.413,6.30,19.2,.328,14.9,20.6,.724,10.8,32.2,10.5,7.79,4.55,12.4,17.4
Western Carolina,32,11,21,.344,-10.48,-1.90,5,13,8,5,2,14,70.7,77.3,24.6,61.3,.402,10.0,31.3,.319,11.5,17.0,.673,11.5,37.5,12.9,4.88,2.38,12.4,17.0
Western Illinois,32,16,16,.500,-6.34,-5.51,7,11,9,6,7,9,77.9,77.2,27.8,64.0,.434,8.66,26.2,.331,13.7,19.3,.708,11.3,37.9,11.4,6.22,2.53,11.4,17.4
Western Kentucky,32,19,13,.594,3.30,0.23,11,7,13,4,5,6,75.4,69.2,27.5,58.9,.467,7.69,21.7,.354,12.7,17.8,.714,8.47,35.4,13.9,8.47,5.94,12.1,11.3
Western Michigan,31,8,23,.258,-13.51,-2.30,4,16,4,10,2,13,65.4,75.1,23.5,56.0,.421,8.45,25.4,.332,9.84,14.1,.700,9.13,33.1,10.3,5.32,2.32,13.7,16.8
Wichita State,28,15,13,.536,8.11,6.00,6,9,11,6,3,5,68.5,66.4,23.5,58.4,.403,7.54,24.2,.312,13.9,18.5,.753,11.9,37.1,12.0,7.54,4.57,12.9,15.9
William & Mary,32,5,27,.156,-13.91,-1.88,4,14,4,10,1,14,63.9,74.4,22.6,56.2,.402,6.75,21.9,.308,11.9,16.8,.705,9.75,35.3,11.5,6.59,2.97,16.2,16.8
Winthrop,32,23,9,.719,-1.56,-3.63,14,2,13,0,7,7,75.2,70.2,26.3,54.2,.486,8.63,23.2,.371,14.0,20.0,.700,8.25,34.3,13.4,6.47,2.59,14.6,17.9
Wisconsin NCAA,33,25,8,.758,13.13,9.16,15,5,12,4,9,2,69.9,66.0,24.7,58.5,.422,6.45,21.1,.306,14.1,19.0,.743,9.33,35.0,11.1,5.30,2.94,8.70,16.8
Wofford,32,19,13,.594,2.01,-1.55,10,8,11,4,7,8,72.6,66.3,25.6,54.9,.465,9.47,26.6,.356,12.0,15.8,.758,8.47,31.2,13.3,6.94,1.47,11.6,15.2
Wright State NCAA,36,22,14,.611,-1.94,-5.11,15,7,12,3,7,7,75.8,71.8,27.4,59.4,.461,6.47,19.4,.333,14.5,18.9,.768,10.5,34.9,14.1,5.89,2.97,12.2,14.5
Wyoming NCAA,34,25,9,.735,9.36,3.60,13,5,14,1,8,5,72.5,65.5,25.1,54.9,.457,8.09,23.6,.342,14.3,19.7,.725,8.24,35.6,11.2,3.91,1.97,11.3,15.2
Xavier,36,23,13,.639,13.23,8.34,8,11,16,5,4,6,74.1,69.2,26.5,58.7,.451,6.72,20.9,.322,14.4,20.7,.698,10.3,37.1,14.8,7.47,4.33,11.7,15.4
Yale NCAA,31,19,12,.613,-0.10,-1.34,11,3,10,3,6,6,71.8,69.1,25.6,58.1,.442,6.84,20.9,.328,13.7,18.6,.735,8.97,35.9,12.0,6.23,3.16,12.8,17.5
Youngstown State,34,19,15,.559,-6.28,-7.12,12,9,13,7,6,8,72.6,69.8,25.8,57.6,.448,7.53,21.9,.343,13.5,17.7,.761,10.2,34.7,11.9,5.38,2.56,11.7,17.4