School,Pace,ORtg,FTr,3PAr,TS%,TRB%,AST%,STL%,BLK%,eFG%,TOV%,ORB%,FT/FGA
Abilene Christian,71.9,105.2,.382,.358,.541,48.2,56.9,14.9,6.3,.496,15.1,29.1,.288
Air Force,63.4,93.1,.268,.435,.528,44.6,57.7,8.6,9.1,.509,19.6,19.6,.174
Akron NCAA,64.1,109.8,.390,.416,.563,53.0,47.9,9.1,9.2,.533,15.4,30.6,.268
Alabama A&M,68.3,88.5,.335,.249,.459,48.8,43.4,10.1,8.8,.412,16.8,28.7,.239
UAB NCAA,70.4,112.9,.284,.332,.560,53.1,43.8,13.4,11.6,.530,13.8,33.7,.210
Alabama State,71.4,96.7,.378,.330,.520,48.3,49.7,10.5,9.6,.481,18.7,29.7,.264
Alabama NCAA,73.2,108.1,.329,.476,.547,52.3,53.1,9.6,11.9,.513,16.7,35.3,.239
Albany (NY),65.8,93.6,.250,.323,.492,48.4,40.9,10.2,7.5,.462,16.4,26.1,.176
Alcorn State,68.9,95.8,.324,.291,.494,51.1,43.1,10.7,7.6,.458,17.3,31.9,.224
American,66.8,94.2,.256,.280,.521,48.1,49.9,9.7,8.3,.496,18.0,21.6,.177
Appalachian State,65.5,102.0,.273,.430,.513,50.4,51.9,8.5,7.1,.490,13.6,27.3,.180
Arizona State,67.9,94.7,.212,.372,.492,47.2,53.4,9.7,12.4,.471,15.2,24.9,.140
Arizona NCAA,72.7,114.7,.349,.359,.587,55.0,65.0,9.2,13.4,.556,15.8,34.6,.258
Little Rock,68.0,96.3,.325,.379,.524,47.3,55.9,10.0,6.3,.485,17.8,24.6,.239
Arkansas-Pine Bluff,69.3,95.3,.345,.407,.510,43.8,50.1,10.3,6.4,.470,16.8,24.6,.247
Arkansas State,69.5,101.5,.332,.306,.537,51.5,60.7,11.3,8.5,.498,17.4,29.8,.247
Arkansas NCAA,72.0,104.8,.372,.342,.533,52.0,52.7,10.5,11.7,.486,14.6,29.5,.282
Army,69.9,99.9,.316,.355,.516,51.3,48.4,11.1,5.3,.494,16.2,30.0,.199
Auburn NCAA,71.3,108.1,.316,.398,.534,52.5,53.1,11.5,21.1,.499,14.2,33.6,.231
Austin Peay,66.1,96.5,.266,.443,.508,48.6,58.6,9.6,6.1,.478,18.0,29.5,.188
Ball State,71.6,103.4,.374,.412,.549,49.6,51.8,8.4,7.0,.516,17.1,27.1,.260
Baylor NCAA,68.6,111.4,.290,.384,.553,53.4,56.3,12.7,9.7,.528,15.1,36.3,.202
Bellarmine,63.8,109.5,.217,.409,.568,48.3,54.4,8.8,5.8,.545,13.3,23.7,.163
Belmont,70.3,110.5,.266,.434,.585,49.9,62.2,12.8,11.0,.560,15.0,24.6,.197
Bethune-Cookman,67.4,93.3,.287,.252,.491,48.2,45.4,11.7,7.1,.459,17.1,28.4,.198
Binghamton,67.3,100.1,.230,.356,.523,50.5,44.8,8.4,10.0,.504,16.3,27.2,.152
Boise State NCAA,64.9,104.1,.350,.388,.536,53.6,47.0,9.2,9.6,.512,15.9,30.6,.227
Boston College,65.5,100.7,.296,.324,.511,50.9,50.2,10.8,8.6,.478,15.4,30.0,.208
Boston University,65.3,106.9,.290,.378,.552,53.4,43.0,8.5,6.6,.521,15.9,31.1,.214
Bowling Green State,74.4,107.1,.315,.371,.535,50.3,44.3,9.8,9.4,.498,14.1,30.7,.233
Bradley,68.1,103.2,.279,.397,.536,54.9,52.4,9.3,13.1,.511,17.1,32.1,.192
Brigham Young,69.1,106.7,.265,.377,.549,54.8,53.4,6.9,8.6,.524,15.7,30.8,.190
Brown,69.7,101.8,.308,.393,.529,50.7,47.9,9.6,11.1,.497,16.4,29.4,.218
Bryant NCAA,73.0,106.1,.322,.431,.538,51.8,50.5,8.8,10.1,.502,16.1,33.1,.236
Bucknell,68.3,101.8,.283,.376,.561,47.1,57.6,6.6,7.9,.528,17.5,21.4,.217
Buffalo,72.5,110.3,.260,.381,.545,55.0,50.6,9.8,10.8,.520,15.3,37.2,.184
Butler,64.9,97.2,.304,.417,.512,49.1,48.5,7.9,7.0,.480,16.1,26.7,.211
Cal Poly,65.5,92.5,.368,.350,.505,51.3,49.7,7.1,7.0,.460,19.5,27.9,.268
Cal State Bakersfield,65.6,98.9,.303,.231,.492,52.8,40.9,9.4,8.4,.456,15.1,33.6,.214
Cal State Fullerton NCAA,67.2,104.1,.351,.300,.539,51.1,45.5,10.8,5.7,.494,15.7,29.7,.269
Cal State Northridge,65.7,92.5,.293,.302,.481,46.0,40.6,10.8,7.5,.448,16.1,27.0,.200
California Baptist,69.3,101.6,.366,.430,.539,51.8,65.1,7.4,7.1,.509,17.5,28.7,.246
UC Davis,67.9,99.3,.291,.321,.524,49.3,45.3,8.8,7.8,.493,16.2,26.0,.205
UC Irvine,66.1,100.3,.296,.282,.527,53.0,44.8,9.1,9.4,.488,17.7,30.7,.227
UC Riverside,66.1,99.5,.268,.407,.536,52.1,54.6,7.8,3.3,.507,16.5,24.1,.193
UC San Diego,68.5,102.0,.321,.456,.562,46.4,56.7,8.4,4.6,.528,16.7,18.5,.240
UC Santa Barbara,67.0,107.8,.374,.300,.574,53.2,58.0,9.1,7.7,.544,17.1,29.3,.265
California,64.9,96.4,.253,.316,.501,50.9,45.2,7.4,7.2,.469,15.1,25.3,.184
Campbell,63.9,102.7,.275,.369,.542,49.7,56.0,9.6,7.0,.519,14.6,22.2,.187
Canisius,69.6,97.6,.299,.397,.494,49.3,53.5,8.6,6.6,.461,14.6,28.5,.207
Central Arkansas,73.0,99.4,.227,.352,.523,48.6,51.5,9.2,8.0,.493,16.3,27.4,.172
Central Connecticut State,66.2,92.2,.291,.392,.495,46.6,49.3,9.3,6.3,.460,18.1,26.3,.206
Central Florida,68.1,102.2,.285,.431,.528,49.7,58.8,10.2,10.9,.499,16.5,30.8,.201
Central Michigan,68.8,95.4,.305,.401,.509,46.6,49.7,9.1,9.0,.478,17.3,25.3,.211
Charleston Southern,71.3,95.6,.304,.454,.507,50.0,49.8,9.1,8.1,.478,17.8,27.6,.206
Charlotte,66.7,105.1,.280,.398,.564,49.0,55.4,7.2,8.0,.529,15.6,22.6,.221
Chattanooga NCAA,66.0,111.6,.266,.389,.560,53.7,47.0,10.8,6.4,.531,14.2,32.7,.198
Chicago State,66.7,93.0,.294,.438,.487,48.3,43.3,8.2,6.4,.459,18.8,32.2,.192
Cincinnati,68.6,101.2,.296,.424,.499,49.8,53.3,9.2,9.7,.470,13.1,29.9,.198
The Citadel,71.0,106.0,.295,.498,.554,49.5,59.7,6.5,9.1,.533,14.9,25.4,.198
Clemson,66.6,106.8,.298,.378,.555,51.4,55.2,8.8,7.2,.524,14.6,25.8,.219
Cleveland State,68.7,107.5,.362,.338,.559,51.9,60.1,12.3,10.4,.534,16.7,33.8,.243
Coastal Carolina,67.6,106.6,.307,.358,.541,53.9,51.0,9.8,11.2,.513,16.4,34.2,.214
Colgate NCAA,67.6,111.4,.262,.422,.579,51.9,62.0,9.0,9.3,.559,14.8,26.6,.182
College of Charleston,74.3,104.5,.304,.376,.536,54.7,47.2,10.6,7.2,.503,17.6,35.9,.222
Colorado State NCAA,66.0,110.4,.296,.395,.583,49.8,53.8,9.6,9.8,.551,13.8,22.1,.229
Colorado,68.4,103.2,.347,.336,.545,53.6,54.0,8.0,8.7,.504,17.2,30.0,.262
Columbia,71.0,94.5,.263,.363,.509,49.0,48.1,8.3,5.7,.490,18.7,27.3,.165
Connecticut NCAA,66.8,109.8,.305,.345,.534,55.1,52.6,8.7,16.6,.496,14.4,37.7,.230
Coppin State,74.4,90.0,.346,.499,.497,44.0,49.4,10.8,8.1,.460,17.6,20.1,.237
Cornell,73.5,107.2,.303,.458,.571,51.3,61.2,10.7,8.3,.546,17.0,28.0,.215
Creighton NCAA,68.1,100.5,.267,.381,.537,51.7,52.0,8.0,10.1,.506,17.9,28.4,.197
Dartmouth,66.8,100.8,.241,.449,.526,48.2,42.9,9.8,9.6,.493,15.0,23.9,.186
Davidson NCAA,66.1,113.8,.316,.412,.591,52.3,54.8,7.0,8.2,.561,13.3,23.8,.238
Dayton,64.4,107.1,.305,.337,.562,54.5,55.9,8.6,11.1,.539,16.7,30.1,.208
Delaware State,71.0,88.0,.306,.332,.490,47.6,42.8,10.2,12.3,.458,21.4,27.4,.205
Delaware NCAA,68.0,107.2,.339,.388,.570,49.2,48.4,9.7,9.8,.536,16.3,26.9,.252
Denver,68.5,101.7,.318,.356,.553,48.4,48.3,7.5,9.5,.526,16.9,23.2,.222
DePaul,70.4,103.7,.334,.342,.521,51.6,43.4,8.8,12.5,.488,14.8,31.7,.232
Detroit Mercy,65.8,107.6,.229,.488,.558,48.7,48.1,8.9,6.0,.530,15.5,27.9,.178
Dixie State,73.9,97.7,.346,.374,.517,50.4,60.3,9.0,6.3,.485,17.7,28.3,.235
Drake,66.4,109.0,.280,.346,.552,52.1,43.6,10.3,9.5,.520,13.9,29.5,.211
Drexel,68.0,106.1,.253,.354,.549,50.2,45.5,6.9,7.5,.525,14.1,25.3,.180
Duke NCAA,68.2,117.0,.286,.357,.583,52.8,55.4,9.3,13.4,.557,13.0,31.6,.211
Duquesne,66.9,95.9,.219,.333,.481,47.4,40.4,9.8,10.8,.454,14.5,29.3,.155
East Carolina,68.9,99.0,.335,.392,.516,49.3,63.1,9.7,9.0,.471,16.3,27.5,.253
East Tennessee State,66.6,107.9,.229,.417,.541,50.0,49.2,10.1,8.7,.517,14.5,31.3,.166
Eastern Illinois,66.6,84.6,.315,.362,.485,44.4,58.9,9.5,9.2,.457,21.6,21.7,.201
Eastern Kentucky,73.0,106.5,.213,.484,.525,47.5,54.7,13.7,10.1,.503,13.3,29.7,.151
Eastern Michigan,70.7,95.5,.303,.350,.516,47.7,40.2,8.1,8.1,.485,17.1,23.0,.211
Eastern Washington,71.6,106.5,.333,.428,.565,51.7,59.3,7.7,7.8,.528,16.3,26.7,.251
Elon,67.3,99.8,.258,.443,.531,48.5,52.3,7.2,7.2,.501,17.1,25.8,.190
Evansville,64.2,90.3,.243,.470,.503,43.8,50.2,9.1,5.8,.475,16.0,14.3,.172
Fairfield,65.5,102.5,.261,.391,.527,50.2,48.0,8.2,7.8,.500,14.6,27.8,.184
Fairleigh Dickinson,70.4,94.6,.278,.354,.497,46.1,48.6,9.1,7.6,.464,16.9,27.7,.197
Florida A&M,67.3,95.9,.289,.265,.502,46.7,49.1,9.2,8.5,.468,16.2,26.2,.204
Florida Atlantic,68.7,107.4,.284,.424,.554,53.1,50.1,10.7,7.8,.527,16.1,31.5,.203
Florida Gulf Coast,70.3,108.1,.289,.477,.558,52.6,56.6,9.3,12.3,.537,16.2,31.1,.195
Florida International,69.0,100.6,.248,.465,.535,48.9,54.5,9.1,11.1,.511,17.4,27.0,.174
Florida State,68.6,102.7,.303,.341,.522,49.8,55.7,12.3,14.8,.490,15.5,31.6,.214
Florida,66.8,104.9,.338,.458,.534,49.0,52.7,12.4,13.5,.496,15.8,31.5,.248
Fordham,68.6,94.8,.297,.427,.496,49.9,51.4,10.5,9.9,.457,16.5,27.0,.216
Fresno State,62.4,104.2,.311,.387,.542,52.8,50.4,9.6,9.4,.511,15.5,27.7,.221
Furman,66.1,115.0,.226,.517,.585,49.8,62.5,12.2,9.7,.562,13.7,27.7,.171
Gardner-Webb,69.7,99.7,.287,.396,.536,52.0,52.2,10.4,14.6,.509,17.2,25.3,.201
George Mason,66.6,104.0,.291,.465,.553,51.3,56.5,7.4,9.7,.529,16.1,25.0,.202
George Washington,69.7,96.9,.260,.358,.516,46.2,48.5,9.8,10.5,.489,16.0,23.2,.181
Georgetown,71.0,99.5,.290,.360,.501,50.1,47.5,10.1,10.9,.462,15.9,32.3,.216
Georgia Southern,67.1,98.2,.303,.350,.527,50.0,48.6,11.0,10.1,.500,18.5,28.6,.206
Georgia State NCAA,68.6,101.7,.295,.371,.498,50.7,54.2,12.7,12.8,.461,14.1,33.9,.213
Georgia Tech,68.6,98.4,.247,.346,.527,49.0,53.2,11.2,7.2,.502,16.7,25.7,.172
Georgia,69.8,100.0,.390,.370,.546,48.4,58.2,7.5,5.9,.502,18.4,25.6,.292
Gonzaga NCAA,73.8,118.1,.306,.353,.608,55.7,55.3,8.7,13.4,.587,13.9,29.1,.219
Grambling,70.5,92.8,.330,.281,.491,48.2,46.7,9.4,9.1,.451,17.6,27.9,.234
Grand Canyon,67.7,105.0,.310,.395,.527,54.1,50.5,9.8,5.9,.500,16.2,34.7,.210
Green Bay,64.9,95.1,.316,.347,.505,48.4,48.2,7.7,7.9,.468,17.4,27.3,.226
Hampton,69.2,92.7,.361,.349,.493,46.6,46.5,7.4,10.3,.451,16.0,23.1,.253
Hartford,67.1,103.7,.276,.452,.555,48.3,48.8,9.0,8.8,.533,16.2,23.8,.191
Harvard,69.7,101.1,.263,.428,.528,49.8,43.6,10.8,7.3,.503,15.4,25.4,.182
Hawaii,66.2,104.0,.325,.420,.552,53.4,51.6,5.3,5.5,.516,17.3,29.1,.242
High Point,67.7,100.0,.343,.340,.523,49.6,49.5,9.3,12.7,.499,16.7,28.3,.219
Hofstra,70.5,109.7,.209,.447,.566,48.2,53.3,11.2,8.0,.539,13.0,23.7,.166
Holy Cross,67.9,96.1,.281,.294,.497,48.9,42.5,8.7,9.9,.464,16.0,27.6,.199
Houston Baptist,72.2,102.9,.383,.363,.542,52.5,51.2,10.8,6.9,.504,17.8,31.9,.272
Houston NCAA,65.0,113.9,.290,.389,.551,54.9,58.5,12.2,17.1,.531,14.1,37.7,.193
Howard,73.4,103.6,.351,.395,.549,48.3,55.1,11.4,9.2,.510,17.5,28.9,.262
Idaho State,65.9,97.2,.339,.425,.517,49.9,46.5,6.8,6.3,.484,18.2,28.8,.232
Idaho,71.3,101.5,.351,.378,.550,49.0,47.4,4.9,5.5,.512,17.0,23.6,.258
Illinois-Chicago,69.4,102.4,.228,.461,.537,48.5,55.3,8.2,9.4,.514,15.2,24.6,.161
Illinois State,69.2,104.4,.314,.366,.553,50.3,46.7,9.6,12.5,.518,17.0,28.5,.234
Illinois NCAA,67.9,108.8,.320,.426,.554,53.8,58.1,7.6,7.1,.525,15.5,33.1,.226
Incarnate Word,68.4,97.9,.284,.448,.533,45.6,50.2,7.6,4.8,.494,17.7,23.6,.223
Indiana State,69.4,99.5,.264,.460,.552,49.3,52.3,8.5,5.1,.518,17.1,18.6,.206
Indiana NCAA,67.9,103.2,.335,.311,.538,51.8,56.6,8.2,14.1,.506,15.2,27.0,.234
Iona,70.2,106.3,.372,.361,.540,51.2,61.0,9.3,15.3,.507,15.4,31.8,.258
Iowa State NCAA,67.2,96.9,.271,.377,.517,49.3,60.4,12.6,9.8,.491,17.9,28.4,.185
Iowa NCAA,70.3,117.5,.300,.393,.564,51.0,53.9,10.4,11.3,.533,11.1,32.2,.225
Purdue-Fort Wayne,69.4,104.3,.273,.444,.568,48.1,53.8,12.4,7.4,.540,17.2,23.2,.204
IUPUI,63.4,82.7,.264,.348,.461,49.0,54.4,9.0,8.4,.430,22.6,31.1,.176
Jackson State,65.9,92.1,.265,.304,.477,51.0,46.8,9.2,10.2,.453,17.1,31.4,.168
Jacksonville State NCAA,67.5,108.6,.308,.428,.571,52.9,54.7,9.2,8.8,.549,16.9,29.5,.212
Jacksonville,63.1,106.0,.297,.316,.535,55.7,50.4,10.3,6.8,.505,15.3,33.6,.210
James Madison,70.5,105.1,.293,.359,.550,48.2,48.3,11.9,6.5,.525,15.4,26.9,.204
Kansas State,67.4,101.5,.296,.424,.527,48.1,51.6,10.8,4.9,.494,14.9,25.3,.215
Kansas NCAA,69.5,111.5,.323,.331,.567,53.4,53.6,8.9,10.9,.538,14.9,32.9,.232
Kennesaw State,68.3,107.7,.297,.385,.553,51.7,52.5,10.3,8.3,.533,15.5,30.9,.197
Kent State,67.5,105.6,.320,.400,.544,53.1,49.6,10.5,11.4,.508,15.7,31.2,.239
Kentucky NCAA,69.2,114.0,.280,.279,.559,56.9,53.3,9.7,11.1,.531,14.0,37.7,.203
La Salle,68.4,97.4,.251,.399,.504,50.0,54.0,8.5,11.5,.477,16.4,28.9,.173
Lafayette,66.0,100.6,.215,.458,.527,46.2,64.1,9.3,9.0,.508,14.6,22.9,.147
Lamar,67.5,90.8,.262,.307,.478,49.1,48.3,8.6,9.1,.447,18.5,30.2,.180
Lehigh,68.8,99.1,.256,.382,.548,48.8,56.9,6.4,8.1,.520,17.6,21.1,.190
Liberty,66.0,110.3,.278,.495,.594,52.2,57.1,8.1,5.9,.567,15.8,23.0,.210
Lipscomb,71.2,104.0,.351,.417,.563,49.8,59.1,6.2,7.0,.529,16.4,23.1,.255
Long Beach State,71.7,101.8,.386,.319,.535,50.5,48.9,9.7,8.6,.492,16.1,27.8,.281
Long Island University,73.3,101.2,.297,.400,.519,50.6,62.6,10.4,13.4,.491,15.9,30.4,.202
Longwood NCAA,67.8,110.8,.345,.369,.556,54.8,53.2,11.4,7.7,.521,15.1,34.2,.251
Louisiana,70.5,100.0,.352,.368,.527,53.4,50.1,9.6,11.1,.491,18.5,33.3,.247
Louisiana-Monroe,69.7,102.7,.261,.351,.541,46.7,55.5,10.2,7.9,.514,16.0,25.8,.189
Louisiana State NCAA,70.4,102.3,.334,.348,.531,51.5,49.0,15.5,14.6,.493,17.7,33.9,.244
Louisiana Tech,70.0,107.4,.314,.413,.556,50.3,51.0,9.3,6.0,.525,14.6,26.5,.227
Louisville,67.5,98.9,.251,.422,.511,50.8,48.1,9.0,6.8,.488,15.7,27.3,.169
Loyola (IL) NCAA,65.7,109.2,.313,.431,.583,52.1,57.5,10.4,7.3,.558,16.4,25.1,.223
Loyola Marymount,67.5,101.8,.320,.385,.552,47.9,45.0,8.0,4.9,.521,17.5,24.7,.230
Loyola (MD),66.7,98.3,.245,.384,.526,49.0,60.0,11.6,8.0,.504,17.2,24.7,.168
Maine,66.6,93.8,.209,.385,.498,46.9,56.4,10.8,7.9,.473,16.8,25.0,.148
Manhattan,69.5,100.8,.407,.332,.537,49.7,47.4,10.2,8.8,.491,18.0,30.2,.300
Marist,66.9,101.5,.250,.377,.531,50.0,35.3,8.6,9.8,.504,16.0,26.4,.180
Marquette NCAA,71.6,102.6,.262,.418,.550,46.9,59.3,10.8,12.9,.521,15.5,22.5,.194
Marshall,73.3,100.9,.238,.394,.521,49.3,51.3,9.2,11.9,.495,15.6,27.8,.168
Maryland-Baltimore County,68.8,106.7,.306,.425,.562,47.5,48.7,6.9,5.3,.524,14.3,21.9,.240
Maryland-Eastern Shore,70.1,93.1,.305,.426,.497,49.4,53.2,14.2,6.8,.471,18.9,29.4,.197
Maryland,67.4,104.4,.339,.372,.536,50.1,47.1,9.4,8.7,.494,14.7,27.3,.257
Massachusetts-Lowell,68.9,101.8,.264,.320,.521,50.8,43.6,10.5,11.0,.494,15.5,29.5,.185
Massachusetts,69.2,108.1,.328,.431,.551,49.0,53.1,9.2,6.8,.513,14.4,29.3,.248
McNeese State,74.2,103.0,.366,.329,.530,53.9,44.8,10.3,9.0,.502,18.1,36.1,.241
Memphis NCAA,71.0,105.8,.378,.304,.555,54.3,58.7,11.8,16.2,.523,19.1,37.4,.262
Mercer,66.3,105.5,.288,.422,.565,50.6,57.1,9.2,8.9,.531,16.5,25.3,.221
Merrimack,64.0,95.2,.262,.404,.512,42.9,51.4,14.0,11.4,.488,16.4,22.2,.177
Miami (FL) NCAA,67.8,108.6,.288,.355,.563,46.4,51.7,13.0,9.0,.533,12.7,22.4,.214
Miami (OH),68.9,108.3,.241,.426,.546,48.7,50.6,8.0,9.1,.513,13.1,27.2,.190
Michigan State NCAA,67.9,106.5,.299,.337,.553,53.0,60.2,8.4,13.6,.520,16.3,30.7,.224
Michigan NCAA,67.5,107.7,.294,.321,.554,54.1,52.6,7.0,8.6,.521,15.1,31.0,.219
Middle Tennessee,68.2,107.6,.336,.427,.558,51.0,47.8,11.5,12.0,.521,16.1,30.3,.254
Milwaukee,68.0,95.3,.270,.348,.509,49.3,48.0,7.2,10.4,.477,17.2,25.9,.194
Minnesota,65.5,101.5,.236,.374,.532,45.0,50.9,8.1,7.3,.507,12.7,17.5,.170
Mississippi State,66.6,104.6,.381,.281,.536,54.3,52.9,11.7,10.3,.496,16.7,34.1,.274
Mississippi Valley State,72.6,90.6,.313,.379,.476,42.4,48.7,10.0,6.0,.444,15.9,23.3,.205
Mississippi,67.0,100.5,.287,.373,.526,49.4,53.2,10.5,7.8,.496,15.9,26.7,.204
Kansas City,70.2,106.2,.311,.344,.563,48.5,48.0,10.6,8.3,.541,13.7,20.4,.210
Missouri State,68.1,112.6,.277,.382,.587,52.2,43.3,7.8,9.2,.553,13.9,25.1,.221
Missouri,67.4,96.8,.300,.328,.510,51.2,50.5,9.6,11.2,.472,18.3,32.0,.221
Monmouth,67.1,101.5,.369,.340,.518,50.9,49.6,9.3,9.9,.475,15.0,29.4,.269
Montana State NCAA,69.5,108.9,.384,.373,.580,53.1,50.1,7.4,10.1,.541,16.3,27.3,.289
Montana,67.5,106.5,.362,.366,.563,47.5,52.9,8.1,7.7,.517,13.8,19.5,.284
Morehead State,66.6,104.8,.284,.413,.551,52.6,62.9,8.8,14.7,.530,17.5,31.2,.189
Morgan State,75.7,98.6,.323,.311,.516,50.4,53.7,11.1,9.9,.486,17.5,31.4,.219
Mount St. Mary's,65.3,100.5,.263,.305,.521,51.5,53.1,8.7,10.8,.496,16.9,31.4,.181
Murray State NCAA,68.3,115.5,.325,.377,.567,55.5,51.2,11.4,9.5,.542,14.1,35.8,.225
Navy,64.7,99.7,.302,.315,.507,54.3,50.9,10.8,10.4,.481,16.7,33.7,.198
Omaha,71.4,97.4,.286,.341,.525,46.9,43.4,6.7,6.9,.492,17.1,24.2,.209
Nebraska,72.0,99.8,.333,.374,.540,45.2,49.0,9.8,7.2,.503,15.6,20.5,.244
Nevada-Las Vegas,67.0,104.3,.301,.425,.531,50.8,56.5,9.1,8.6,.496,14.5,27.1,.222
Nevada,71.2,101.9,.321,.363,.546,50.2,56.5,9.0,10.0,.510,16.6,24.5,.240
New Hampshire,63.6,108.1,.252,.412,.536,53.1,48.2,7.3,8.6,.515,12.4,28.8,.169
New Mexico State NCAA,68.3,105.7,.341,.424,.554,55.1,53.5,7.3,12.2,.524,17.7,33.0,.239
New Mexico,71.5,103.0,.319,.377,.537,47.4,45.1,8.7,11.2,.499,14.5,23.8,.239
New Orleans,74.9,102.2,.399,.225,.544,49.3,46.7,10.5,7.3,.501,16.8,26.8,.292
Niagara,65.7,101.3,.277,.361,.533,48.7,49.8,8.5,7.5,.501,14.7,23.2,.202
Nicholls State,72.5,107.5,.210,.379,.542,50.9,44.0,11.3,10.6,.531,14.5,31.5,.131
NJIT,67.3,92.4,.311,.355,.496,47.9,44.7,8.9,10.4,.467,16.8,23.0,.205
Norfolk State NCAA,70.7,105.0,.371,.356,.554,53.4,47.4,9.4,11.2,.522,17.3,30.7,.259
North Alabama,70.6,97.4,.230,.413,.493,48.2,40.4,9.6,9.4,.460,14.5,27.5,.173
UNC Asheville,68.0,108.3,.368,.398,.565,48.7,49.0,9.3,12.2,.530,15.6,27.7,.267
North Carolina A&T,68.5,98.1,.284,.341,.503,49.3,48.6,11.3,9.8,.478,15.9,29.9,.186
North Carolina Central,70.9,101.5,.363,.336,.534,52.3,47.5,12.2,7.0,.505,18.8,33.5,.243
UNC Greensboro,63.2,101.9,.278,.393,.528,54.0,51.5,10.0,5.8,.498,17.4,33.3,.200
NC State,67.9,105.4,.291,.392,.514,48.1,43.9,10.2,9.6,.479,12.4,30.2,.211
UNC Wilmington,66.7,105.8,.336,.362,.526,47.5,42.4,11.2,10.7,.485,12.8,28.0,.249
North Carolina NCAA,70.3,109.7,.303,.381,.551,55.8,54.1,7.3,9.7,.515,14.2,31.8,.232
North Dakota State,68.2,108.0,.339,.373,.566,53.4,42.3,5.6,8.4,.528,15.0,25.3,.258
North Dakota,69.4,100.9,.315,.441,.519,49.4,50.5,5.7,4.9,.481,15.0,26.6,.231
North Florida,69.1,98.4,.298,.501,.534,46.2,54.3,8.0,10.8,.501,18.5,26.2,.217
North Texas,60.6,106.5,.369,.423,.543,53.6,48.6,10.7,8.0,.518,16.0,32.3,.240
Northeastern,65.4,97.5,.306,.405,.536,51.6,49.6,7.1,7.7,.501,18.9,26.3,.225
Northern Arizona,67.8,98.9,.281,.419,.517,52.2,52.3,6.6,6.9,.492,17.1,28.6,.186
Northern Colorado,70.7,109.2,.303,.462,.586,50.5,44.5,5.6,7.1,.563,15.7,22.9,.215
Northern Illinois,68.6,93.1,.331,.335,.505,47.1,48.8,9.1,7.9,.472,17.7,24.3,.224
Northern Iowa,67.6,108.0,.325,.436,.576,50.1,45.8,8.3,4.8,.537,14.7,21.0,.256
Northern Kentucky,65.6,104.9,.259,.432,.531,51.9,54.7,13.6,7.4,.503,16.6,35.3,.185
Northwestern State,73.2,100.9,.244,.338,.526,48.5,53.7,8.7,8.6,.503,16.6,29.3,.169
Northwestern,68.8,104.4,.256,.387,.523,49.3,59.5,9.3,10.7,.495,12.3,25.4,.184
Notre Dame NCAA,65.9,108.6,.267,.423,.571,50.2,53.8,7.8,4.8,.543,14.1,22.4,.201
Oakland,69.0,107.3,.334,.415,.548,49.4,51.9,13.0,6.9,.502,15.3,31.4,.265
Ohio State NCAA,65.1,110.9,.334,.395,.578,52.0,48.8,6.9,12.8,.543,15.1,29.3,.253
Ohio,69.0,107.2,.316,.452,.540,49.4,49.1,10.9,7.4,.506,13.3,27.4,.230
Oklahoma State,68.8,96.9,.330,.314,.510,50.8,50.4,12.1,15.7,.480,18.4,32.3,.220
Oklahoma,66.1,103.0,.274,.413,.575,51.0,55.5,11.0,5.2,.548,19.7,25.8,.205
Old Dominion,65.7,100.8,.340,.265,.506,52.5,50.3,9.7,10.6,.473,15.3,32.2,.229
Oral Roberts,72.2,114.4,.232,.462,.567,52.8,38.8,7.6,10.2,.544,11.9,28.4,.170
Oregon State,67.8,99.1,.276,.308,.521,45.7,47.3,8.7,8.5,.492,16.1,26.2,.196
Oregon,68.4,105.1,.292,.360,.536,49.7,45.5,9.9,9.4,.511,14.8,30.0,.198
Pacific,69.5,94.3,.319,.335,.502,48.8,48.3,9.2,7.9,.468,15.8,22.7,.219
Penn State,62.8,101.6,.218,.426,.530,53.0,49.7,8.3,6.2,.505,16.2,28.6,.160
Pennsylvania,69.0,103.4,.242,.403,.539,48.8,47.3,7.9,6.0,.513,15.0,25.2,.176
Pepperdine,71.7,94.4,.238,.352,.506,47.6,58.4,7.8,6.1,.478,17.9,26.6,.171
Pittsburgh,64.2,95.8,.394,.336,.509,52.1,52.1,8.4,12.4,.467,18.4,30.5,.274
Portland State,72.2,101.0,.318,.336,.520,47.1,42.9,12.8,9.4,.481,14.9,27.3,.236
Portland,72.0,102.7,.350,.384,.551,50.2,56.8,7.0,6.8,.504,16.4,23.9,.277
Prairie View,71.8,95.6,.385,.327,.524,49.2,47.7,11.7,8.2,.484,20.8,31.7,.271
Presbyterian,66.5,98.5,.315,.360,.502,53.1,50.8,11.5,8.4,.471,16.7,33.9,.212
Princeton,68.7,114.7,.208,.453,.584,51.4,51.0,8.9,4.4,.575,12.9,25.8,.133
Providence NCAA,65.9,106.5,.370,.380,.540,52.2,54.1,7.5,9.7,.500,14.7,30.3,.269
Purdue NCAA,66.7,117.8,.382,.392,.593,57.1,58.6,6.9,9.7,.565,15.0,35.2,.272
Quinnipiac,69.3,103.2,.266,.438,.540,50.7,56.5,9.1,5.7,.507,16.3,28.7,.203
Radford,65.4,95.3,.278,.408,.503,50.3,47.4,10.0,4.7,.477,18.0,28.9,.186
Rhode Island,68.2,98.4,.360,.292,.527,51.5,54.2,10.8,18.2,.505,18.3,28.6,.223
Rice,68.4,106.8,.305,.424,.564,50.8,59.1,7.4,4.5,.537,16.0,26.6,.218
Richmond NCAA,67.4,104.7,.310,.417,.542,47.6,57.4,11.2,6.3,.511,13.0,22.4,.223
Rider,68.3,98.2,.273,.286,.496,50.5,50.8,9.9,7.7,.460,14.8,29.3,.201
Robert Morris,67.7,101.7,.283,.319,.551,49.3,49.2,8.8,10.1,.517,18.4,28.5,.215
Rutgers NCAA,65.5,102.9,.262,.316,.525,51.4,58.8,10.6,11.7,.499,15.0,29.6,.184
Sacramento State,66.4,98.1,.283,.338,.518,46.5,45.8,8.9,8.1,.492,14.9,22.4,.192
Sacred Heart,69.3,104.0,.247,.390,.538,50.9,54.0,7.8,5.7,.512,17.0,31.8,.179
Saint Francis (PA),68.9,98.3,.301,.311,.498,49.3,50.9,9.4,7.3,.472,15.5,31.0,.195
Saint Joseph's,68.5,97.9,.229,.449,.515,51.7,54.4,7.1,5.9,.497,17.1,27.0,.150
Saint Louis,69.0,109.2,.322,.306,.553,54.5,54.0,9.2,8.4,.515,15.7,34.4,.246
Saint Mary's (CA) NCAA,65.5,106.5,.240,.363,.556,53.4,51.6,10.6,6.6,.528,15.2,27.8,.182
Saint Peter's NCAA,66.7,99.6,.371,.303,.519,51.5,52.4,10.5,14.8,.480,17.2,31.3,.260
Sam Houston State,68.8,99.7,.244,.422,.513,52.2,55.1,11.0,8.1,.499,15.8,27.9,.148
Samford,70.5,105.1,.283,.435,.548,51.1,48.0,10.5,9.2,.519,16.8,30.6,.207
San Diego State NCAA,65.3,99.0,.311,.308,.518,51.5,50.2,11.3,14.4,.487,16.8,29.5,.215
San Diego,67.4,96.9,.258,.283,.506,50.6,40.0,7.5,8.6,.476,16.1,27.0,.184
San Francisco NCAA,70.9,108.7,.290,.453,.560,53.4,46.9,10.8,11.6,.537,15.6,30.2,.201
San Jose State,66.3,96.6,.223,.451,.525,46.2,55.0,7.8,8.2,.507,17.7,22.4,.147
Santa Clara,71.4,107.8,.276,.321,.575,50.4,52.5,8.3,8.8,.545,14.7,22.8,.210
Seattle,71.8,103.8,.280,.458,.531,50.3,52.6,9.6,10.1,.494,14.1,26.4,.214
Seton Hall NCAA,68.7,104.4,.312,.359,.521,51.8,40.8,10.2,13.8,.481,14.9,32.6,.235
Siena,67.2,97.4,.289,.340,.521,48.2,42.1,9.1,9.8,.487,16.5,24.5,.212
South Alabama,67.5,105.2,.317,.354,.547,49.8,45.5,10.2,14.3,.519,16.2,28.9,.219
South Carolina State,73.7,96.3,.312,.324,.478,52.9,47.6,8.9,10.1,.441,16.4,35.7,.215
South Carolina Upstate,69.4,102.1,.290,.386,.551,47.4,53.7,9.1,9.8,.518,16.4,22.7,.219
South Carolina,72.2,98.0,.286,.349,.506,51.3,53.6,10.8,13.7,.479,17.8,34.3,.192
South Dakota State NCAA,71.7,119.3,.333,.354,.627,52.7,49.0,8.5,6.9,.600,13.8,24.0,.253
South Dakota,67.5,110.5,.337,.332,.564,52.9,44.6,6.5,6.6,.528,13.0,27.1,.253
South Florida,65.9,87.2,.254,.306,.444,50.0,50.6,9.4,11.9,.413,16.2,29.6,.169
Southeast Missouri State,72.6,103.7,.366,.436,.551,48.1,54.5,8.9,7.3,.512,16.1,25.7,.268
Southeastern Louisiana,73.4,106.9,.369,.426,.575,47.5,57.0,10.8,10.0,.536,17.3,27.0,.280
Southern California NCAA,67.5,106.4,.309,.322,.536,54.3,53.3,7.4,11.1,.512,15.3,33.5,.205
SIU Edwardsville,69.1,96.6,.336,.350,.504,51.4,51.0,10.2,11.1,.469,18.4,34.1,.232
Southern Illinois,62.9,101.7,.290,.422,.545,49.6,52.2,8.7,6.0,.520,16.3,22.7,.200
Southern Methodist,69.5,105.8,.356,.422,.555,50.5,55.3,9.0,10.4,.515,15.6,27.6,.267
Southern Mississippi,68.3,93.7,.270,.303,.505,48.0,50.7,7.3,8.1,.477,17.3,23.6,.186
Southern Utah,70.8,108.3,.338,.408,.561,53.4,43.9,8.4,6.9,.531,15.5,28.7,.241
Southern,72.1,99.3,.347,.336,.533,47.7,52.5,14.5,7.8,.500,17.7,27.7,.242
St. Bonaventure,66.2,105.2,.259,.315,.536,50.0,52.0,9.5,14.9,.505,13.7,26.9,.195
St. Francis (NY),68.2,97.7,.243,.366,.496,49.4,47.9,9.7,6.6,.467,15.4,30.0,.173
St. John's (NY),74.2,106.4,.261,.324,.530,49.3,61.9,11.8,14.5,.508,13.7,30.7,.176
St. Thomas (MN),68.2,109.5,.223,.515,.558,45.5,47.1,7.6,3.8,.533,10.8,18.0,.169
Stanford,66.8,99.0,.299,.387,.522,55.1,54.4,8.3,7.6,.498,19.1,33.8,.197
Stephen F. Austin,71.9,103.3,.353,.309,.552,51.9,54.8,12.6,11.9,.525,19.6,34.5,.239
Stetson,67.5,101.6,.248,.410,.525,51.0,56.2,10.3,8.4,.502,16.4,29.6,.171
Stony Brook,68.6,106.0,.269,.403,.539,48.8,42.5,9.7,8.1,.506,13.5,27.0,.203
Syracuse,68.5,110.9,.283,.392,.555,49.0,52.7,10.0,11.6,.525,13.3,29.2,.208
Tarleton State,65.7,97.8,.343,.304,.511,47.1,49.5,11.6,7.4,.465,16.2,28.0,.259
Temple,67.1,98.6,.397,.382,.495,51.7,52.7,10.0,12.6,.454,15.7,32.7,.269
Tennessee-Martin,70.6,97.6,.263,.373,.500,49.5,46.3,9.4,12.2,.471,16.2,30.5,.184
Tennessee State,69.8,101.8,.318,.326,.535,51.1,47.6,9.6,9.7,.502,17.2,30.3,.227
Tennessee Tech,70.6,102.2,.235,.328,.524,50.9,57.1,10.2,10.0,.505,16.0,31.6,.155
Tennessee NCAA,68.6,106.2,.290,.402,.536,52.2,63.0,13.5,12.9,.507,15.2,32.5,.207
Texas A&M-Corpus Christi NCAA,72.3,105.5,.364,.313,.537,53.0,56.0,11.7,5.6,.495,16.5,34.6,.269
Texas A&M,68.6,104.7,.353,.342,.533,50.5,52.3,14.3,9.9,.499,16.1,34.3,.249
UT Arlington,66.5,97.6,.288,.346,.505,50.1,57.0,11.4,12.2,.473,17.4,31.6,.202
TCU NCAA,67.2,101.1,.314,.317,.516,56.0,53.8,9.5,11.2,.487,17.9,37.8,.212
UTEP,67.9,101.1,.277,.380,.533,47.1,49.0,10.9,9.9,.497,15.2,23.5,.212
Texas-Rio Grande Valley,73.2,97.5,.416,.374,.536,47.2,49.9,7.1,8.5,.498,18.8,25.1,.289
UTSA,70.0,95.7,.265,.338,.476,50.9,46.0,8.1,7.2,.445,15.2,31.0,.181
Texas Southern NCAA,69.7,98.6,.336,.309,.514,53.2,42.7,7.9,13.6,.482,18.2,33.0,.228
Texas State,65.6,107.0,.318,.306,.555,51.9,47.9,9.8,11.1,.520,16.3,31.6,.239
Texas Tech NCAA,67.3,106.0,.351,.341,.556,54.6,52.2,11.8,12.0,.526,17.2,33.2,.245
Texas NCAA,64.5,105.9,.320,.361,.538,50.8,54.1,11.8,10.1,.501,15.3,31.5,.239
Toledo,70.3,113.7,.280,.313,.565,53.2,51.0,7.9,7.5,.535,12.6,30.3,.211
Towson,66.2,109.7,.339,.382,.549,54.5,52.6,10.9,8.5,.516,15.2,35.2,.243
Troy,69.1,99.3,.329,.405,.528,52.5,57.3,11.3,6.3,.491,19.0,31.6,.240
Tulane,69.3,104.1,.334,.386,.551,44.7,53.4,11.3,10.0,.512,13.7,19.9,.252
Tulsa,67.3,100.1,.310,.361,.530,48.4,49.0,10.2,7.2,.496,16.8,26.7,.225
UCLA NCAA,66.5,111.4,.294,.312,.539,52.5,50.3,10.3,9.6,.505,11.3,31.4,.218
Utah State,67.3,107.5,.287,.402,.571,53.0,66.6,9.0,6.2,.545,16.2,26.3,.207
Utah Valley,68.2,102.5,.382,.313,.549,55.8,59.5,7.9,11.8,.512,19.2,32.8,.272
Utah,67.2,102.9,.300,.394,.526,50.2,55.5,6.8,7.5,.484,15.6,29.3,.232
Valparaiso,67.4,101.8,.262,.380,.553,49.2,47.8,9.2,8.0,.523,14.7,16.9,.199
Vanderbilt,68.9,102.0,.387,.456,.538,49.6,49.8,10.4,10.0,.502,16.6,27.5,.270
Vermont NCAA,65.1,114.4,.265,.430,.594,54.7,55.0,7.8,7.2,.570,13.2,24.3,.197
Villanova NCAA,63.6,112.5,.298,.463,.560,51.5,48.9,9.4,6.8,.515,13.4,31.2,.247
Virginia Commonwealth,68.6,97.4,.309,.302,.543,48.6,56.1,13.3,14.7,.514,19.6,26.6,.218
VMI,69.2,112.9,.250,.550,.593,49.7,58.3,6.9,8.0,.564,14.8,24.4,.198
Virginia Tech NCAA,63.6,111.0,.245,.411,.576,51.4,55.2,8.4,9.3,.551,15.0,27.9,.184
Virginia,59.9,103.7,.281,.299,.529,49.9,60.3,9.5,12.9,.497,14.1,27.8,.205
Wagner,68.3,107.0,.323,.300,.540,53.6,52.6,12.0,8.7,.506,15.4,33.9,.234
Wake Forest,71.2,108.7,.336,.424,.585,52.2,53.9,9.0,10.1,.556,17.2,26.8,.245
Washington State,67.4,105.6,.298,.442,.517,51.4,45.8,9.5,12.3,.479,14.0,33.4,.222
Washington,70.4,99.1,.347,.329,.503,46.2,41.0,11.6,10.5,.464,14.5,29.3,.244
Weber State,71.1,106.8,.377,.377,.577,49.0,40.0,10.7,7.1,.539,15.0,20.7,.282
West Virginia,68.5,100.0,.361,.337,.511,47.2,44.4,11.4,13.1,.468,15.7,29.9,.262
Western Carolina,69.3,100.8,.278,.511,.509,50.0,52.4,7.0,7.1,.483,15.2,29.4,.187
Western Illinois,72.4,105.9,.302,.409,.532,51.7,41.1,8.5,6.3,.502,13.5,28.7,.214
Western Kentucky,71.0,106.3,.302,.369,.560,48.8,50.5,11.9,16.9,.533,15.3,24.6,.215
Western Michigan,66.5,97.1,.251,.454,.522,47.9,43.7,7.9,6.5,.496,17.9,26.6,.176
Wichita State,67.8,99.6,.317,.414,.510,51.5,51.1,11.0,12.6,.467,16.1,32.3,.239
William & Mary,69.9,90.3,.300,.390,.497,49.7,50.7,9.3,8.5,.462,20.2,26.9,.211
Winthrop,69.3,107.3,.369,.429,.591,52.0,50.8,9.2,7.7,.565,18.7,26.7,.258
Wisconsin NCAA,67.0,104.4,.324,.360,.518,50.1,44.8,7.9,7.8,.477,11.4,26.0,.241
Wofford,65.6,110.2,.287,.485,.581,53.0,52.0,10.5,5.2,.551,15.7,28.3,.218
Wright State NCAA,70.0,108.3,.318,.327,.554,50.9,51.3,8.4,7.6,.516,15.2,30.8,.244
Wyoming NCAA,66.3,107.8,.359,.431,.565,52.0,44.7,5.8,5.4,.531,15.0,25.5,.260
Xavier,69.1,105.8,.353,.356,.541,51.9,55.9,10.7,11.4,.509,14.6,29.3,.246
Yale NCAA,70.3,101.8,.321,.359,.537,50.2,46.7,8.8,9.3,.501,16.1,25.7,.236
Youngstown State,67.6,107.2,.307,.381,.550,51.6,45.9,7.9,6.9,.513,15.1,30.5,.234